,total_pressure_coe
0,0.6737388296
1,0.7985714781
2,0.8370914117
3,0.7591594875
4,0.7373317331
5,0.6956047201
6,0.853899816
7,0.8678615325
8,0.9019992763
9,0.8286782955
10,0.7415307413
11,0.7415307413
12,0.7536836056
13,0.7876350828
14,0.7351846068
15,0.8271680386
16,0.8163324329
17,0.7425864133
18,0.7425864133
19,0.6675746513
20,0.7875690292
21,0.7285969838
22,0.8507412545
23,0.7979942434
24,0.5938280747
25,0.5938280747
26,0.6719478501
27,0.7627689962
28,0.7261294638
29,0.7727683017
30,0.7944557738
31,0.703620898
32,0.7681772672
33,0.8446006517
34,0.7208142127
35,0.7631710396
36,0.8033834426
37,0.6594450352
38,0.7371791425
39,0.6928360513
40,0.7581018543
41,0.7235046536
42,0.6951195458
43,0.8626069383
44,0.7087564619
45,0.7243510676
46,0.7107536232
47,0.6790189715
48,0.7791774617
49,0.724958521
50,0.6519889849
51,0.7832729415
52,0.6786541759
53,0.7908323116
54,0.7558893173
55,0.7558893173
56,0.8160661668
57,0.6799354983
58,0.6799354983
59,0.8269087317
60,0.8142804155
61,0.7220231385
62,0.8507955702
63,0.6610606589
64,0.7595543736
65,0.7804874957
66,0.6446078014
67,0.6446078014
68,0.6573451526
69,0.8049092637
70,0.6599974647
71,0.7231697183
72,0.7227999007
73,0.7415324739
74,0.670829827
75,0.7822650127
76,0.7820639047
77,0.7820639047
78,0.7899302618
79,0.8819153218
80,0.824891318
81,0.8315313738
82,0.7323890908
83,0.7323890908
84,0.8138162978
85,0.8636875268
86,0.7685291448
87,0.8587292792
88,0.8204376236
89,0.8204376236
