,total_pressure_coe
0,0.8945805318
1,0.740249011
2,0.9116147738
3,0.7272669536
4,0.7746724551
5,0.7741041966
6,0.8127693016
7,0.7526762393
8,0.705607769
9,0.705607769
10,0.6874619804
11,0.7769759043
12,0.6921218513
13,0.5913447947
14,0.7945698264
15,0.7832936892
16,0.7224966818
17,0.7943603584
18,0.6607176716
19,0.7779728761
20,0.7806283037
21,0.7728035423
22,0.7728035423
23,0.6302894073
24,0.8489556878
25,0.8489556878
26,0.8489556878
27,0.6998893485
28,0.8759299618
29,0.7844671334
30,0.6938378233
31,0.7629323349
32,0.6770557833
33,0.7582878333
34,0.7423445323
35,0.7263475593
36,0.826166856
37,0.7617679489
38,0.6798535585
39,0.7143934316
40,0.7914364255
41,0.7007126867
42,0.664307373
43,0.7246097515
44,0.7246097515
45,0.8133369281
46,0.7954936323
47,0.7954936323
48,0.825953274
49,0.8038745634
50,0.7484044978
51,0.6945032927
52,0.7393319789
53,0.7495235601
54,0.7240032665
55,0.8477034824
56,0.6488149996
57,0.7426653441
58,0.7334743751
59,0.6947689336
60,0.6383824243
61,0.7384876546
62,0.687882841
63,0.7611567147
64,0.8034671404
65,0.8228665615
66,0.8299953782
67,0.6729072166
68,0.7867657248
69,0.6606159217
70,0.8825481133
71,0.8395896597
72,0.6817445612
73,0.6819416897
74,0.6819416897
75,0.8242807102
76,0.6815542482
77,0.8190131009
78,0.7937777091
79,0.7937777091
80,0.7937777091
81,0.7691215533
82,0.7118020493
83,0.7646535615
84,0.6446370856
85,0.6446370856
86,0.7209410363
87,0.8218918559
88,0.8398063252
89,0.6647667161
90,0.6647667161
91,0.7087544878
92,0.7252185159
93,0.6920818497
94,0.7602894116
95,0.8455610461
96,0.8486866105
97,0.806740311
98,0.8005072614
99,0.6856226781
100,0.564237334
101,0.6543928729
102,0.8888918626
103,0.8888918626
104,0.749260758
105,0.749260758
106,0.7026529857
107,0.7952546776
108,0.7178297411
109,0.7082409772
110,0.7893351725
111,0.7815333516
112,0.8025891706
113,0.8088531993
114,0.6934370644
115,0.7414349922
116,0.8115277025
117,0.6874383645
118,0.6874383645
119,0.9023387521
120,0.6955499805
121,0.6955499805
122,0.7076676698
123,0.8168287365
124,0.8122842096
125,0.7922003423
126,0.7978977382
127,0.865336315
128,0.865336315
129,0.8578819612
130,0.6183009529
131,0.8171094303
132,0.7177615279
133,0.7145719282
134,0.6829816096
135,0.7677304975
136,0.6627425364
137,0.7348532393
138,0.7605145266
139,0.8048099289
140,0.6998340555
141,0.6673540086
142,0.6501153932
143,0.6677802034
144,0.8108303795
145,0.8108303795
146,0.8473449545
147,0.8728813783
148,0.8432391963
149,0.8663162441
150,0.698646478
151,0.7656815431
152,0.7198519942
153,0.7944404408
154,0.798630666
155,0.8368504974
156,0.8368504974
157,0.8368504974
158,0.8001399515
159,0.7306278652
160,0.8242696631
161,0.7500610347
162,0.7394589314
163,0.7968010032
164,0.7415746595
165,0.6700444019
166,0.8717034534
167,0.8104152659
168,0.7712794787
169,0.7643974689
170,0.7643974689
171,0.8692797179
172,0.7527343471
173,0.7229068543
174,0.8600155001
175,0.8600155001
176,0.8572052105
177,0.7807568575
178,0.7280873527
179,0.7280873527
180,0.8047454992
181,0.8047454992
182,0.7145805663
183,0.6167822613
184,0.7015965644
185,0.8667173687
186,0.7367516804
187,0.6282146672
188,0.6282146672
189,0.6966041023
190,0.7279316506
191,0.6671543247
192,0.7882047002
193,0.8147740084
194,0.8201203199
195,0.7995447028
196,0.7995447028
197,0.754511167
198,0.7556112126
199,0.75209088
200,0.75209088
201,0.75209088
202,0.760870651
203,0.8383101141
204,0.8383101141
205,0.7366846736
206,0.7825017308
207,0.7825017308
208,0.7053605583
209,0.6728921686
210,0.5991450629
211,0.7168508098
212,0.8630974804
213,0.7579019404
214,0.8179467028
215,0.7010638804
216,0.8607349323
217,0.6699209206
218,0.6361672287
219,0.8404827797
220,0.7778041875
221,0.6791450011
222,0.6618951369
223,0.6618951369
224,0.8298407292
225,0.6929872909
226,0.7417272957
227,0.7691843435
228,0.6399904611
229,0.6724932685
230,0.7788268472
231,0.6976749105
232,0.6976749105
233,0.8264899767
234,0.693431033
235,0.8317976153
236,0.7499156864
237,0.8227911489
238,0.683840037
239,0.8713067011
240,0.6415947704
241,0.7617500197
242,0.806184596
243,0.806184596
244,0.806184596
245,0.6255456154
246,0.744718042
247,0.690602527
248,0.8168888137
249,0.8348022458
250,0.7785802063
251,0.6565717475
252,0.7469341964
253,0.6833563575
254,0.8002593567
255,0.7126868657
256,0.8845336672
257,0.7780963235
258,0.7447551873
259,0.7639438492
260,0.7735310747
261,0.6774608134
262,0.7164287435
263,0.675516561
264,0.685738484
265,0.7455049206
266,0.7355738379
267,0.7783947129
268,0.8336645755
269,0.8336645755
270,0.726623004
271,0.6752133102
272,0.7435917967
273,0.6680750387
274,0.6680750387
275,0.6654695367
276,0.6723174933
277,0.6372609459
278,0.6701079492
279,0.6190639643
280,0.6190639643
281,0.7524227887
282,0.6931763864
283,0.8786076484
284,0.7192871182
285,0.8390298451
286,0.6229839115
287,0.7731999266
288,0.7731999266
289,0.782670897
290,0.6897410616
291,0.6292920395
292,0.6784276979
293,0.6839928909
294,0.8373395144
295,0.8397850771
296,0.7089966361
297,0.7260273857
298,0.7931785618
299,0.8278555483
300,0.6886314093
301,0.6886314093
302,0.6735833435
303,0.8216371402
304,0.9059030213
305,0.7539930925
306,0.696257004
307,0.8362225241
308,0.7495155935
309,0.7062140342
310,0.7062140342
311,0.832926697
312,0.8119600105
313,0.7591017035
314,0.7300921237
315,0.7586480596
316,0.6687070915
317,0.6946703311
318,0.6424928133
319,0.7432793824
320,0.7879126782
321,0.6146532764
322,0.8467636822
323,0.6396429283
324,0.809635804
325,0.7357154054
326,0.7275078341
327,0.7275078341
328,0.7460426337
329,0.7087921424
330,0.7383799841
331,0.6858956133
332,0.8104128803
333,0.8533173951
334,0.8533173951
335,0.729326113
336,0.8416889717
337,0.8474490603
338,0.644094955
339,0.7302554016
340,0.8075237682
341,0.651746491
342,0.6936765099
343,0.7449763092
344,0.8066404398
345,0.6454943731
346,0.7191081436
347,0.7191081436
348,0.7902272351
349,0.6825911482
350,0.6215948914
351,0.6954553007
352,0.7784535767
353,0.7784535767
354,0.7520198119
355,0.819597246
356,0.7498910792
357,0.7156217312
358,0.7570346939
359,0.8798553663
360,0.8365137937
361,0.8460588236
362,0.8460588236
363,0.7574716923
364,0.8023045622
365,0.711952762
366,0.7379563781
367,0.6902539756
368,0.768436923
369,0.752926778
370,0.6619011385
371,0.7909597053
372,0.6836497387
373,0.7990779752
374,0.7623822015
375,0.7623822015
376,0.7623822015
377,0.6690244779
378,0.6800215269
379,0.7256466184
380,0.6875973502
381,0.7055643917
382,0.867168448
383,2548.4258697616
384,0.7536848609
385,0.7536848609
386,0.7596546716
387,0.7596546716
388,0.6919640595
389,0.6608202403
390,0.7372999995
391,0.743148502
392,0.8057202157
393,0.6592208192
394,0.851480233
395,0.6839383458
396,0.6297207941
397,0.6929106619
398,0.8099635505
399,0.6254825864
400,0.7096512802
401,0.8203205728
402,0.7240324806
403,0.7520307593
404,0.7168268581
405,0.73695006
406,0.7101678379
407,0.6768581604
408,0.8478296773
409,0.7496259055
410,0.7937093982
411,0.7188027323
412,0.6371168566
413,0.8101740066
414,0.8101740066
415,0.8167213656
416,0.8852165351
417,0.7995601612
418,0.8567630901
419,0.7739651294
420,0.7759516291
421,0.8418352771
422,0.6965110748
423,0.7953637
424,0.8303986919
425,0.7302540213
426,0.695581988
427,0.6977734438
428,0.8260789051
429,0.7757081148
430,0.6515513217
431,0.8150461133
432,0.7580015258
433,0.8552581084
434,0.8001011037
435,0.7019803713
436,0.8498204157
437,0.8340794223
438,0.7543324339
439,0.6910909311
440,0.798308847
441,0.8037358051
442,0.8037358051
443,0.7033979013
444,0.7148243257
445,0.6852734286
446,0.7210065625
447,0.6652340376
448,0.6474102749
449,0.7855799491
450,0.8484570585
451,0.7112356096
452,0.8150479412
453,0.7948837325
454,0.790026433
455,0.6793669392
456,0.7763297112
457,0.6965172051
458,0.830116133
459,0.7856933308
460,0.8709400195
461,0.8124043811
462,0.8457315073
463,0.8157521483
464,0.7349098712
465,0.7458103959
466,0.7482186776
467,0.7482186776
468,0.7053956754
469,0.7984889416
470,0.7858298142
471,0.8660605475
472,0.6593634613
473,0.7621090073
474,0.7972896096
475,0.7825361044
476,0.6681879204
477,0.6746754723
478,0.8524567444
479,0.8042955246
480,0.6026751876
481,0.6026751876
482,0.8069096993
483,0.8583840561
484,0.8583840561
485,0.8201144686
486,0.7507998842
487,0.6266057745
488,0.6696487276
489,0.7964791488
490,0.7221341667
491,0.8045813175
492,0.7531421111
493,0.6611783106
494,0.7751762308
495,0.8141542873
496,0.7700530671
497,0.6846885181
498,0.6768463665
499,0.7135367424
500,0.6664579578
501,0.7163782556
502,1.3642150322
503,0.8654698286
504,0.7763960466
505,0.6581131332
506,0.6455618932
507,0.7311026663
508,0.8187706623
509,0.8354452211
510,0.7018930729
511,0.7068760676
512,0.7338033868
513,0.7342882771
514,0.7531795031
515,0.8033502674
516,0.7099338398
517,0.6783400787
518,0.7329072298
519,0.6804722665
520,0.8650320622
521,0.7846826864
522,0.6634566894
523,0.6634566894
524,0.7863199796
525,0.8079981645
526,0.6316998013
527,0.738858165
528,0.8287776095
529,0.750771274
530,0.7809255633
531,0.7329738803
532,0.7971762398
533,0.768015571
534,0.7655686192
535,0.7655686192
536,0.7667275822
537,0.6735279766
538,0.7935916497
539,0.8721793601
540,0.6901591437
541,0.7598613948
542,0.7944154284
543,0.8436047358
544,0.7657153451
545,0.7648750935
546,0.8321679785
547,0.8183019916
548,0.7793640965
549,0.8154827359
550,0.6777317102
551,0.6657998045
552,0.669629182
553,0.6987701384
554,0.8493292752
555,0.857538531
556,0.7647886398
557,0.7924404648
558,0.7341800595
559,0.7341800595
560,0.7314003308
561,0.7020397264
562,0.7020397264
563,0.7412894087
564,0.7263927492
565,0.8776225684
566,0.7329298967
567,0.7003028794
568,0.8373417389
569,0.7840564233
570,0.6678449661
571,0.8207143938
572,0.8207143938
573,0.8207143938
574,0.82672932
575,0.7138979747
576,0.8763932801
577,0.858410964
578,0.8964650853
579,0.6579285035
580,0.6951354554
581,0.6951354554
582,0.718966426
583,0.8751116383
584,0.7569522116
585,0.7944506333
586,0.712568104
587,0.7312679589
588,0.6057708642
589,0.6713669791
590,0.8369242965
591,0.63831648
592,0.6858418857
593,0.7742642391
594,0.6166032764
595,0.6502039308
596,0.6658741445
597,0.6658741445
598,0.8678828784
599,0.7220073979
600,0.8376526875
601,0.5575337353
602,0.8131261785
603,0.8903523529
604,0.7061499795
605,0.7061394541
606,0.8633743814
607,0.7375058979
608,0.8628534303
609,0.686920169
610,0.8603990878
611,0.7541881525
612,0.8099882404
613,0.6147168035
614,0.7454077726
615,0.7793884717
616,0.7000570213
617,0.8897362811
618,0.6808559022
619,0.8801791867
620,0.8801791867
621,0.7973589952
622,0.6558631874
623,0.7822502551
624,0.7479727032
625,0.5497564591
626,0.7376391321
627,0.6748995838
628,0.7340240926
629,0.7636643
630,0.6747838786
631,0.7594310584
632,0.8764374541
633,0.8349801103
634,0.6692393792
635,0.772632876
636,0.7604856355
637,0.822075512
638,0.822075512
639,0.8827135157
640,0.6983121955
641,0.6468573356
642,0.6771969956
643,0.7441609909
644,0.7731938504
645,0.8014118916
646,0.6702836911
647,0.8551745407
648,0.6680651464
649,0.7161502784
650,0.8892342333
651,0.8462976354
652,0.7576868122
653,0.8484902723
654,0.8522431886
655,0.7955547379
656,0.8250950868
657,0.905536937
658,0.74722257
659,0.8308788445
660,0.8068921526
661,0.7722047563
662,0.6660814745
663,0.8059021885
664,0.717020995
665,0.7288860715
666,0.7740168244
667,0.69291577
668,0.8396052113
669,0.8305070013
670,802.4257991149
671,0.8250039508
672,0.8399520528
673,0.814606626
674,0.7660679979
675,0.7598134963
676,0.8214935115
677,0.8214935115
678,0.798636019
679,0.6800790616
680,0.7204276571
681,0.7446765587
682,0.8011048231
683,0.8425593366
684,0.8459354694
685,0.694419086
686,0.6921970725
687,0.6851994419
688,0.862909465
689,0.8318814338
690,0.7749399074
691,0.8043213513
692,0.8824273322
693,0.7643540777
694,0.7936857685
695,0.7404875367
696,0.7404875367
697,0.8206702787
698,0.8687053004
699,0.8367893323
700,0.7497030875
701,0.8195540327
702,0.7420415687
703,0.7306781842
704,0.6643342576
705,0.755652597
706,0.8444423577
707,0.7517580035
708,0.749375284
709,0.616761343
710,0.6663083829
711,0.7829535299
712,0.7212575039
713,0.7843653255
714,0.8167954636
715,0.6596035839
716,0.7453170406
717,0.74526683
718,0.6389972765
719,0.8509178717
720,0.8880874235
721,0.7610995835
722,0.8144912681
723,0.7501702743
724,0.8689984416
725,0.903130954
726,0.903130954
727,0.772196972
728,0.8602931471
729,0.7488862745
730,0.6073795609
731,0.7243299316
732,0.6469890033
733,0.7654164986
734,0.7797940646
735,0.7604040958
736,0.6895564207
737,0.7595827265
738,0.6520504763
739,0.823127495
740,0.8413563755
741,0.6755632985
742,0.8238086937
743,0.7971191543
744,0.7971191543
745,0.7148183868
746,0.7782511661
747,0.9074508633
748,0.8013613653
749,0.6965555808
750,0.8771541655
751,0.8033407969
752,0.7324937706
753,0.8042949148
754,0.6552645643
755,0.6296607054
756,0.855311948
757,0.855311948
758,0.855311948
759,0.7211081961
760,0.7211081961
761,0.7739814979
762,0.6644038119
763,0.8761479673
764,0.7395131267
765,0.8225583578
766,0.8263959062
767,0.7977206855
768,0.779943498
769,0.8191824561
770,0.7957511701
771,0.7256921371
772,0.7475229527
773,0.8540681558
774,0.7293296771
775,0.7549819921
776,0.8061551911
777,0.867237666
778,0.8021217577
779,0.6785644713
780,0.6785644713
781,0.8512713404
782,0.7468833349
783,0.7468833349
784,0.6621786824
785,0.7845595172
786,0.8470793304
787,0.7294998075
788,0.8305251518
789,0.7273391714
790,0.7954627309
791,0.7525162508
792,0.7828438763
793,0.6594807906
794,0.8278652218
795,0.7184482183
796,0.808424537
797,0.8789110889
798,0.7795373911
799,0.7795373911
800,0.7148965714
801,0.6601537973
802,0.648154226
803,0.614704634
804,0.8019911095
805,0.7959043584
806,0.8800163773
807,0.8229403748
808,0.7327364149
809,0.8312261924
810,0.7200021891
811,0.6871796641
812,0.6791196375
813,0.7347121727
814,0.8061564729
815,0.7301073188
816,0.6878805643
817,0.6243795845
818,0.8299655393
819,0.8576319759
820,0.7129981523
821,0.6614883991
822,0.7416824135
823,0.8656945837
824,0.677917128
825,0.8317280447
826,0.9089696344
827,0.7897941326
828,0.7468847928
829,0.8227299353
830,0.8617561566
831,0.8617561566
832,0.7094759686
833,0.8847297877
834,0.8201253802
835,0.7522458294
836,0.7522458294
837,0.8438535878
838,0.7621452163
839,0.6480768522
840,0.6480768522
841,0.7637200233
842,0.6400098623
843,0.7796789399
844,0.7697544251
845,0.7697544251
846,0.7382683819
847,0.7382683819
848,0.7493811682
849,0.6546217785
850,0.6546217785
851,0.8924020319
852,0.847572038
853,0.8667722425
854,0.8855242464
855,0.7393614528
856,0.7930773238
857,0.7494635565
858,0.7207793347
859,0.8491527126
860,0.7348614989
861,0.8320165338
862,0.8655130862
863,0.8216242641
864,0.7791378963
865,0.8742710649
866,0.8146227222
867,0.8146227222
868,0.8807416615
869,0.790138177
870,0.7374170997
871,0.6510126648
872,0.6399772614
873,0.8224367448
874,0.6952614157
875,0.6840656221
876,0.6263557786
877,0.6263557786
878,0.6263557786
879,0.7357413943
880,0.7671245005
881,0.7594283422
882,0.698718331
883,0.6698108276
884,0.7413357346
885,0.6987376964
886,0.6969536411
887,0.7482509037
888,0.6287143068
889,0.7274258539
890,0.8508548155
891,0.6350590346
892,0.733380349
893,0.8096554109
894,0.6994580729
895,0.8283054381
896,0.8283054381
897,0.6487509529
898,0.7965176669
899,0.864715547
900,0.6498424377
901,0.7280323316
902,0.595391403
903,0.6469070171
904,0.7479673306
905,0.7942038888
906,0.6958743171
907,0.6697202822
908,0.7498814546
909,0.699782656
910,0.699782656
911,0.7829320977
912,0.677576924
913,0.677576924
914,0.677576924
915,0.695071118
916,0.7210690732
917,0.6863843603
918,0.6329343625
919,0.7370974828
920,0.708380977
921,0.6750302475
922,0.7120565287
923,0.6561221182
924,0.7610391029
925,0.7907093097
926,0.6675235912
927,0.6584677763
928,1.0091177843
929,0.7924823324
930,0.7114560812
931,0.8231245549
932,0.8297397704
933,0.7732917985
934,0.6540990707
935,0.7359726737
936,0.8001179374
937,0.8001179374
938,0.8585322167
939,0.8585322167
940,0.8102727576
941,0.8419662424
942,0.7266774382
943,0.7368422687
944,0.8627691662
945,0.7342506129
946,0.800627143
947,0.8283148959
948,0.8024923227
949,0.7940737626
950,0.7497012646
951,0.7105218683
952,0.7589367535
953,0.7589367535
954,0.7177936134
955,0.8654080986
956,0.7426012791
957,0.7426012791
958,0.8172866525
959,0.6640443294
960,0.656532582
961,0.8346638195
962,0.750128354
963,0.6890844326
964,0.7213936139
965,0.8755532478
966,0.8035400433
967,0.8531458438
968,0.816558363
969,0.7598530891
970,0.8367370451
971,0.8428823367
972,0.809403055
973,0.6308293477
974,0.6850082469
975,0.7563322884
976,0.7628608676
977,0.8870822812
978,0.8870822812
979,0.6160606076
980,0.6160606076
981,0.7587657073
982,0.7718334474
983,0.7458452006
984,0.696005221
985,0.664114228
986,0.7893378341
987,0.6460006589
988,0.7657073363
989,0.6891015413
990,0.8200251801
991,0.7904926777
992,0.7692930623
993,0.6929112852
994,0.6303097539
995,0.8151665212
996,0.7426379068
997,0.8486045119
998,0.7756175802
999,0.7733660663
1000,0.7889632473
1001,0.7889632473
1002,0.7889632473
1003,0.6763312007
1004,0.7892507428
1005,0.7875003109
1006,0.7316316983
1007,0.8713041069
1008,0.7215962572
1009,0.8704791498
1010,0.7512057052
1011,0.7090474333
1012,0.7763626202
1013,0.7540919514
1014,0.7255543939
1015,0.7658699163
1016,0.8852136857
1017,0.8153149834
1018,0.777214715
1019,0.756794269
1020,0.756794269
1021,0.756794269
1022,0.7955148519
1023,0.8245700885
1024,0.8626160704
1025,0.7751486204
1026,0.7837337773
1027,0.8398730429
1028,0.8011330555
1029,0.5834783145
1030,0.7225263494
1031,0.7681680325
1032,0.6587298881
1033,0.9020416368
1034,0.8053223168
1035,0.7941460265
1036,0.7438805751
1037,0.8518660614
1038,0.8324494411
1039,0.8324494411
1040,0.7694499553
1041,0.8366196516
1042,0.7188434571
1043,0.6206910855
1044,0.7887594239
1045,0.6796757325
1046,0.8592018224
1047,0.8033060566
1048,0.8083928863
1049,0.7090289909
1050,0.7609672219
1051,0.7446281431
1052,0.8174186488
1053,0.6635304977
1054,0.8113128102
1055,0.8113128102
1056,0.8113128102
1057,0.8115200801
1058,0.72780468
1059,0.8585674649
1060,0.8247641087
1061,0.7025969838
1062,0.8306863847
1063,0.8306863847
1064,0.8529514429
1065,0.878571741
1066,0.8287797711
1067,0.6707928244
1068,0.7262269084
1069,0.8034826041
1070,0.7119522874
1071,0.6952143123
1072,0.6770978611
1073,0.6667061321
1074,0.7305880168
1075,0.7054304509
1076,0.792853148
1077,0.7273243321
1078,49712.2265422319
1079,0.7854232584
1080,0.861225541
1081,0.7117186878
1082,0.6646072336
1083,0.7412884431
1084,0.668801748
1085,0.6676306524
1086,0.7430743087
1087,0.8633482443
1088,0.6702256861
1089,0.7760598628
1090,0.679004341
1091,0.7106736964
1092,0.6792215669
1093,0.6737336637
1094,0.8164380957
1095,0.6982728777
1096,0.7327590076
1097,0.7037572689
1098,0.6656667686
1099,0.8413338239
1100,0.749892902
1101,0.7481686694
1102,0.7378386948
1103,0.7378386948
1104,0.7252086791
1105,0.7725952296
1106,0.7995242929
1107,0.7507286324
1108,0.7231120328
1109,0.7487414466
1110,0.7143501085
1111,0.7124569199
1112,0.7124569199
1113,0.6768168903
1114,0.7968817233
1115,0.7845135644
1116,0.6683740034
1117,0.8776722362
1118,0.653412185
1119,0.8604247446
1120,0.869316201
1121,0.6642555406
1122,0.6199908252
1123,0.7820369514
1124,0.7820369514
1125,0.7820369514
1126,0.7820369514
1127,0.7977606208
1128,0.7497549329
1129,0.6967177452
1130,0.754812288
1131,0.6529467216
1132,0.723466984
1133,0.6648256367
1134,0.7306502673
1135,0.8454455505
1136,0.7526006106
1137,0.7796112149
1138,0.8141067123
1139,0.8271693835
1140,0.6755120027
1141,0.6755120027
1142,0.6682637337
1143,0.6912722597
1144,0.7545695152
1145,0.8007764837
1146,0.7864077437
1147,0.7831135741
1148,0.7748376446
1149,0.7497307465
1150,0.8497458853
1151,0.852036898
1152,0.7323302173
1153,0.7022688247
1154,0.7099220995
1155,0.6698744896
1156,0.676582456
1157,0.676582456
1158,0.8054320633
1159,0.7896266223
1160,0.7379412997
1161,0.7379412997
1162,0.7489974366
1163,0.8327281576
1164,0.8520681393
1165,0.7134889793
1166,0.7766889782
1167,0.8539328961
1168,0.8539328961
1169,0.663627013
1170,0.7450554984
1171,0.7413161722
1172,0.8268356274
1173,0.8727325221
1174,0.6701826667
1175,0.6701826667
1176,0.7437675967
1177,0.7437675967
1178,0.7054391309
1179,0.7882244192
1180,0.7882244192
1181,0.7124267317
1182,0.7996238663
1183,0.7395632489
1184,0.691178383
1185,0.691178383
1186,0.6896443311
1187,0.8693461639
1188,0.8693461639
1189,0.8322686603
1190,0.7354262051
1191,0.7736225743
1192,0.8418641889
1193,0.641144039
1194,0.7545749966
1195,0.7545749966
1196,0.8684063096
1197,0.6500216522
1198,0.7673236374
1199,0.8537281179
1200,0.8403897654
1201,0.756655104
1202,0.756655104
1203,0.7688221172
1204,0.7004208249
1205,0.7121867107
1206,0.7851192642
1207,0.6871767004
1208,0.6880493471
1209,0.6880493471
1210,0.7547184035
1211,0.7968719563
1212,0.6650463285
1213,0.8461975176
1214,0.7146932823
1215,0.7776111361
1216,0.6997014798
1217,0.8409510005
1218,0.7060438234
1219,0.7263015934
1220,0.8140144988
1221,0.8140144988
1222,0.7478692678
1223,0.8725352207
1224,0.6484041629
1225,0.8621144985
1226,0.7682760134
1227,0.7942244964
1228,0.7855605347
1229,0.726981419
1230,0.8444181459
1231,0.8702802936
1232,0.7752161025
1233,0.6115362697
1234,0.6115362697
1235,0.8134894181
1236,0.8663146026
1237,0.7788364377
1238,0.7176285127
1239,0.8126058547
1240,0.826227673
1241,0.663237325
1242,0.7366900988
1243,0.729129349
1244,0.8023792668
1245,0.7511625207
1246,0.7061666803
1247,0.8298696892
1248,0.778300979
1249,0.7106861081
1250,0.7106861081
1251,0.8455497498
1252,0.6232712265
1253,0.7808935581
1254,0.8113379591
1255,0.7870756533
1256,0.6764275832
1257,0.6675051143
1258,0.6675051143
1259,0.8662103212
1260,0.8358985467
1261,0.8246061575
1262,0.7505649703
1263,0.8162313051
1264,0.8309908602
1265,0.6971569977
1266,0.7656767327
1267,0.7729147668
1268,0.8516876352
1269,0.6270824553
1270,0.7993873089
1271,0.7993873089
1272,0.69500146
1273,0.8492319765
1274,0.6345675949
1275,0.7050369222
1276,0.7050369222
1277,0.8223531677
1278,0.8143364864
1279,0.7837690181
1280,0.6709599551
1281,0.6651163688
1282,0.7723050866
1283,0.8260898654
1284,0.7928115068
1285,0.7294396885
1286,0.7367987837
1287,0.8580729049
1288,0.6780761867
1289,0.8527914722
1290,0.6815329929
1291,0.7449690724
1292,0.8059307921
1293,0.7284835772
1294,0.8069418265
1295,0.8069418265
1296,0.7482259599
1297,0.6449519701
1298,0.6888896396
1299,0.677472142
1300,0.6488058331
1301,0.8303065655
1302,0.8303065655
1303,0.8303065655
1304,0.6678985219
1305,0.7889710725
1306,0.8703650956
1307,0.7905982815
1308,0.640118189
1309,0.7135847441
1310,0.6475818752
1311,0.814353653
1312,0.7966929757
1313,0.681065394
1314,0.6704467282
1315,0.7074815948
1316,0.8091713611
1317,0.8091713611
1318,0.7517005551
1319,0.6842539696
1320,0.8083645471
1321,0.8920551422
1322,0.8416693871
1323,0.865251845
1324,0.865251845
1325,0.736285856
1326,0.8581992758
1327,0.6731416743
1328,0.7653823888
1329,0.7267911251
1330,0.7442650246
1331,0.81456229
1332,0.7416147627
1333,0.7416147627
1334,0.7730738965
1335,0.6272499517
1336,0.761701373
1337,0.7473735024
1338,0.7473735024
1339,0.6769311157
1340,0.748692016
1341,0.8191727375
1342,0.9125367776
1343,0.8602455069
1344,0.7848991914
1345,0.649990738
1346,0.7697706896
1347,0.7438823363
1348,0.7530022326
1349,0.7127743066
1350,0.7746480936
1351,0.7852548935
1352,0.7567589683
1353,0.8266374601
1354,0.8182820018
1355,0.8849326544
1356,0.8416284486
1357,0.6969424064
1358,0.6258789583
1359,0.8212189594
1360,0.6707786054
1361,0.6616202518
1362,0.8283712039
1363,0.8362379993
1364,0.6627875582
1365,0.733880527
1366,0.6656891789
1367,0.7862111255
1368,0.7862111255
1369,0.6717441757
1370,0.6980052298
1371,0.7566479872
1372,0.7683212626
1373,0.7205530555
1374,0.7753908305
1375,0.6864118131
1376,0.7860077505
1377,0.7860077505
1378,0.7860077505
1379,0.7860077505
1380,0.6500094445
1381,0.6500094445
1382,0.7195972295
1383,0.7493726266
1384,0.7493726266
1385,0.6786240201
1386,0.7048119168
1387,0.6974241053
1388,0.6974241053
1389,0.6684946488
1390,0.8508345577
1391,0.8508345577
1392,0.8046703132
1393,0.7567537914
1394,0.8159171896
1395,0.7441845313
1396,0.6669474758
1397,0.8563880849
1398,0.7473915282
1399,0.6872186965
1400,0.8288320569
1401,0.7923632009
1402,0.7011365908
1403,0.870753776
1404,0.7302684306
1405,0.7668051083
1406,0.7039675584
1407,0.7931602631
1408,0.8685758783
1409,0.8972454588
1410,0.7563454647
1411,0.7563454647
1412,0.7115295742
1413,0.7659917707
1414,0.7659917707
1415,0.664080222
1416,0.7974003808
1417,0.7445769322
1418,0.7945240526
1419,0.6969991335
1420,0.7429753423
1421,0.7194970809
1422,0.8271833094
1423,0.6098568866
1424,0.7504369766
1425,0.6959031174
1426,0.7055263689
1427,0.8057629373
1428,0.7720772562
1429,0.7066612096
1430,0.7066612096
1431,0.7415127202
1432,0.8088694976
1433,0.8088694976
1434,0.8619317724
1435,0.8943762165
1436,0.787281404
1437,0.7709926719
1438,0.6732970151
1439,0.7293352726
1440,0.7812465712
1441,0.8682466334
1442,0.7750814804
1443,0.742422949
1444,0.8216194982
1445,0.6996679041
1446,0.8086313205
1447,0.6625302522
1448,0.8358265161
1449,0.7560023904
1450,0.6800018588
1451,0.7351865568
1452,0.7918927889
1453,0.879474564
1454,0.8365753516
1455,0.7948490853
1456,0.7390029664
1457,0.7390029664
1458,0.7390029664
1459,0.7039189673
1460,0.6408205024
1461,0.7035059546
1462,0.87784619
1463,0.7529793795
1464,0.8544346127
1465,0.6931613032
1466,0.7001571673
1467,0.6254010009
1468,0.8402310426
1469,0.8402310426
1470,0.6631243025
1471,0.838088547
1472,0.8753832342
1473,0.7339143313
1474,0.7496215962
1475,0.8609871571
1476,0.8609871571
1477,0.7464504068
1478,0.7736231421
1479,0.638442813
1480,0.8007899828
1481,0.7968336783
1482,0.6854784466
1483,0.7483638212
1484,0.7721665482
1485,0.8932083004
1486,0.6934893792
1487,0.6567917553
1488,0.6567917553
1489,0.7895301342
1490,0.743685054
1491,0.6669923715
1492,0.8348162344
1493,0.8129477984
1494,0.8110150266
1495,0.7297239176
1496,0.6483844363
1497,0.8238291787
1498,0.8238291787
1499,0.7688937032
1500,0.8482474659
1501,0.8814521801
1502,0.8584511928
1503,0.7911566878
1504,0.7911566878
1505,0.722565638
1506,0.7046926803
1507,0.6433309748
1508,0.6433309748
1509,0.7096360699
1510,0.7673067808
1511,0.686594291
1512,0.8732567097
1513,0.7837582797
1514,0.7332229498
1515,0.8310177576
1516,0.6725340617
1517,0.7406715201
1518,0.7406715201
1519,0.7444235675
1520,0.8550979653
1521,0.8550979653
1522,0.7763425478
1523,0.7432039478
1524,0.7672797416
1525,0.7574243568
1526,0.7207237198
1527,0.8176104392
1528,0.8495354376
1529,0.7796846723
1530,0.6805675228
1531,0.6805675228
1532,0.7190872958
1533,0.7190872958
1534,0.772282116
1535,0.8871995884
1536,0.8296330865
1537,0.6390692694
1538,0.7739603599
1539,0.649010198
1540,0.8752793694
1541,0.7862517277
1542,0.7841595135
1543,0.6467777632
1544,0.760858043
1545,0.6207944419
1546,0.7601569579
1547,0.6677364154
1548,0.7135431136
1549,0.7135431136
1550,0.7192575322
1551,0.7394283607
1552,0.8199871513
1553,0.7194349137
1554,0.7340826924
1555,0.6782896482
1556,0.6791673105
1557,0.7291392753
1558,0.7547784173
1559,0.7808160993
1560,0.7808160993
1561,0.71040194
1562,0.7518487984
1563,0.8427381437
1564,0.7673642695
1565,0.8376561818
1566,0.7038146526
1567,0.7499664248
1568,0.8097559487
1569,0.6995922611
1570,0.6773565565
1571,0.8608802164
1572,0.7016617316
1573,0.6771423786
1574,0.7016928662
1575,0.6881838425
1576,0.5958857603
1577,0.7491780532
1578,0.8200397428
1579,0.7761685474
1580,0.839962398
1581,0.7366165961
1582,0.8149900323
1583,0.8301774604
1584,0.6719751955
1585,0.8416071838
1586,0.7746365888
1587,0.7709213302
1588,0.7941883779
1589,0.7086448374
1590,0.8796546584
1591,0.7321008025
1592,0.8602856022
1593,0.8738217334
1594,0.7365520644
1595,0.76093295
1596,0.8683758608
1597,0.8404320427
1598,0.675238602
1599,0.8332644537
1600,0.8248109569
1601,0.650374272
1602,0.6923803199
1603,0.7351009164
1604,0.6329627345
1605,0.8016315437
1606,0.650486708
1607,0.6613390695
1608,0.7974687515
1609,0.7974687515
1610,0.6220806234
1611,0.8161324241
1612,0.6628114275
1613,0.6640262018
1614,0.6970133983
1615,0.7447978167
1616,0.7397458378
1617,0.6956829438
1618,0.8079831064
1619,0.8042677724
1620,0.8485648369
1621,0.5883692595
1622,0.7606062563
1623,0.7715136867
1624,0.6649780794
1625,0.6649780794
1626,0.8030713657
1627,0.8397619972
1628,0.7771355386
1629,0.7801729619
1630,0.7731096993
1631,0.6651547414
1632,0.7292985781
1633,0.7625327291
1634,0.7469073051
1635,0.8203162018
1636,0.7713823706
1637,0.8289090118
1638,0.7615041132
1639,0.7958510536
1640,0.7471145736
1641,0.8369623699
1642,0.6979235467
1643,0.7425304329
1644,0.6767363416
1645,0.8416678991
1646,0.7868554029
1647,0.7008591517
1648,0.6839504365
1649,0.8274257176
1650,0.7199041672
1651,0.7851350479
1652,0.7851350479
1653,0.7970353733
1654,0.8174687081
1655,0.7780056151
1656,0.7663003145
1657,0.8214985505
1658,0.8019307398
1659,0.7833292516
1660,0.8457358202
1661,0.6435065748
1662,0.6674360283
1663,0.8003256412
1664,0.8554682128
1665,0.8144246546
1666,0.8144246546
1667,0.6880209282
1668,0.7552121766
1669,0.750511737
1670,0.750511737
1671,0.750511737
1672,0.817333265
1673,0.6793069846
1674,0.6717153366
1675,0.6853353155
1676,0.6763915604
1677,0.7977521617
1678,0.6540322775
1679,0.7321251201
1680,0.7163727629
1681,0.6478611913
1682,0.8613262321
1683,0.8344777474
1684,0.8433464808
1685,0.8597401217
1686,0.6918766595
1687,0.813958099
1688,0.8753285707
1689,0.7920862029
1690,0.7461198491
1691,0.6358366101
1692,0.7276623922
1693,0.8202764159
1694,0.7826083781
1695,0.8022520049
1696,0.7414235199
1697,0.7414235199
1698,0.6868135663
1699,0.7071984031
1700,0.7241791638
1701,0.7665510584
1702,0.8366045313
1703,0.6603879306
1704,0.664301707
1705,0.8321325298
1706,0.747020703
1707,0.7612501893
1708,0.7612501893
1709,0.6865778847
1710,0.6715310102
1711,0.8548179486
1712,0.6785477849
1713,0.748198561
1714,0.8261041124
1715,0.6675992336
1716,0.7640650143
1717,0.7534980753
1718,0.8296554602
1719,0.7774631504
1720,0.810147939
1721,0.8064716488
1722,0.8012339564
1723,0.8252321432
1724,0.8829132107
1725,0.8382973195
1726,0.8300649777
1727,0.7620318971
1728,0.7615264905
1729,0.8723767561
1730,0.8604267563
1731,0.7317790814
1732,0.7317790814
1733,0.8442700642
1734,0.616890748
1735,0.6904041903
1736,0.7049669015
1737,0.78271339
1738,0.8602676425
1739,0.69610071
1740,0.69610071
1741,0.7458493391
1742,0.8219674167
1743,0.6381556042
1744,0.6381556042
1745,0.7173905414
1746,0.8797396551
1747,0.6849330042
1748,0.8474654535
1749,0.7614994658
1750,0.8445685239
1751,0.8423685582
1752,0.8704111099
1753,0.8120019869
1754,0.8998684435
1755,0.7598801627
1756,0.8086142441
1757,0.7246516513
1758,0.6654849479
1759,0.7259176714
1760,0.7408547633
1761,0.7975059712
1762,0.7280076914
1763,0.7496944323
1764,0.6253856345
1765,0.7131985802
1766,0.6968739497
1767,0.7215720291
1768,0.6705847501
1769,0.6762969215
1770,0.7567072044
1771,0.8156622043
1772,0.8156622043
1773,0.6999582885
1774,0.8168144539
1775,0.8804314896
1776,0.7357680755
1777,0.7310362622
1778,0.7550614251
1779,0.7887490983
1780,0.7432081661
1781,0.8266796074
1782,0.8256882756
1783,0.6554523746
1784,0.7933630926
1785,0.6395689022
