,ble,bme,coexm,coemm,cen_radl,delta0,delta1
0,5.0361,4.2651,0.6422,0.4695,0.7428,-8.9828,8.1134
1,4.3282,3.9735,0.4405,0.5327,0.8370000000000001,-6.7372,12.2528
2,5.1863,3.8857,0.4471,0.6189,0.9213,-6.5285,10.6627
3,4.9511,4.3379,0.5026,0.3512,0.7316,-7.3519,11.8133
4,5.4272,4.1095,0.5865,0.5498,0.6287,-8.1126,12.8512
5,5.004,4.1245,0.3516,0.4725,0.7888,-9.3912,10.7402
6,4.9616,4.3066,0.4766,0.6149,0.6966,-6.1542,11.4124
7,4.8683,4.3659,0.3239,0.657,0.6208,-6.3796,8.5789
8,4.8758,4.2928,0.3611,0.6557,0.5263,-5.2432,10.0215
9,5.027,4.0334,0.3464,0.6231,0.6769,-7.1737,8.9644
10,5.4442,3.8134,0.3418,0.6675,0.5423,-8.8366,12.9685
11,5.3106,4.07,0.6736,0.5153,0.9892,-9.4333,6.5127
12,4.2468,3.8339,0.5133,0.6266,0.8671,-7.6691,11.1939
13,4.8242,3.802,0.408,0.4912,0.7206,-7.4104,7.0226
14,4.0614,4.4545,0.6871,0.5061,0.8148,-5.6863,13.302999999999999
15,5.3665,4.4141,0.4082,0.369,0.7467,-6.4921,11.3538
16,4.1262,4.2006,0.3312,0.6795,0.9287,-7.068,13.2601
17,5.2143,4.4792,0.3548,0.3544,0.6576,-8.4023,13.1872
18,5.4953,4.0016,0.6966,0.4449,0.752,-8.2645,6.6039
19,5.3323,4.2694,0.5524,0.6082,0.5696,-9.9745,7.6245
20,4.2694,4.1302,0.6202,0.6305,0.5877,-6.0817,12.76
21,5.0824,3.9319,0.5263,0.3045,0.9422,-5.8282,9.6522
22,4.5645,4.4719,0.5711,0.5548,0.6478,-5.4311,5.4838
23,4.6075,4.3282,0.4923,0.6047,0.8929,-7.2897,6.0588
24,4.1696,4.0127,0.6459999999999999,0.3476,0.9662,-7.5295,12.338
25,5.3399,3.858,0.6788,0.4514,0.8009999999999999,-6.8016,7.3675
26,4.3488,4.2281,0.5076,0.6348,0.9109,-9.5733,14.8167
27,4.4622,4.3867,0.4897,0.5583,0.7849,-7.7821,13.8117
28,4.6254,4.0399,0.5096,0.4537,0.7675,-7.9712,9.0543
29,4.4748,3.9452,0.5354,0.4567,0.6448,-5.4596,6.2391
30,4.2935,3.818,0.4833,0.5415,0.8420000000000001,-5.5155,9.1379
31,5.1519,3.9601,0.3849,0.5627,0.7129,-9.1904,14.9195
32,4.1055,3.8259,0.4973,0.5648,0.8263,-6.4125,11.2219
33,4.6807,4.2548,0.4518,0.5395,0.6362,-6.1497,11.5667
34,4.8962,3.9495,0.4606,0.4302,0.9944,-8.1548,9.8773
35,4.305,4.165,0.4574,0.3905,0.5326,-7.2076,10.3959
36,4.5311,4.2832,0.5806,0.5779,0.8787,-6.2119,8.6326
37,5.1124,4.3415,0.6826,0.4344,0.5719,-9.2015,9.9414
38,4.4833,4.0487,0.4656,0.5696,0.6608,-8.4708,11.0948
39,4.8098,4.021,0.6503,0.4083,0.5593,-5.9276,14.749
40,4.1018,4.2575,0.4724,0.6999,0.9081,-8.308,6.4201
41,4.185,3.8746,0.6144,0.5959,0.7254,-6.92,7.8106
42,4.4375,4.0298,0.4317,0.518,0.9755,-9.0983,10.4127
43,4.5225,4.0085,0.3643,0.5026,0.9378,-5.1971,13.6906
44,4.579,4.2349,0.3831,0.583,0.5760000000000001,-9.2955,12.5292
45,5.4693,4.2133,0.6029,0.3663,0.8199,-7.4985,9.3392
46,4.2225,3.8979,0.3784,0.4963,0.6532,-9.0454,9.5113
47,4.2821,4.3706,0.4852,0.331,0.7787,-9.1015,8.3042
48,5.3017,4.1485,0.3051,0.5855,0.5183,-8.0283,13.5588
49,4.0826,3.8469,0.4229,0.5882,0.8475,-8.7498,6.9906
50,4.3875,3.9087,0.5788,0.3255,0.6046,-6.7983,14.2624
51,4.9296,3.9913,0.5921,0.512,0.7190000000000001,-5.7663,8.7053
52,4.645,4.1807,0.3244,0.3628,0.9624,-9.4816,10.122
53,4.1958,4.3751,0.4184,0.4397,0.8809999999999999,-6.9963,10.5579
54,4.7193,4.396,0.4557,0.385,0.7044,-7.8822,9.4447
55,5.2593,4.4393,0.6559999999999999,0.6601,0.5536,-9.3335,7.2531
56,4.7276,4.2984,0.5996,0.649,0.9577,-6.0351,14.1944
57,5.0983,4.1764,0.5307,0.3731,0.9472,-8.9051,8.4892
58,5.1661,4.4363,0.4034,0.4949,0.5118,-7.9126,7.5301
59,5.2899,4.0812,0.5419,0.6873,0.8648,-6.6135,12.6453
60,4.0226,4.3477,0.4713,0.4269,0.5612,-5.716,5.5975
61,4.5956,4.0646,0.6068,0.6405,0.8963,-8.0703,14.3787
62,4.784,3.9205,0.3365,0.3335,0.8071,-5.066,6.8059
63,4.7706,4.4936,0.5583,0.4821,0.8893,-9.6337,14.6354
64,5.4797,4.2112,0.5744,0.3223,0.8598,-5.972,13.4905
65,4.9115,4.3903,0.3105,0.4615,0.9827,-7.5994,14.0575
66,4.5489,3.9808,0.4374,0.3364,0.5051,-9.843,12.1144
67,4.7026,4.4768,0.6353,0.4076,0.772,-7.8124,9.7148
68,5.0555,4.4066,0.5188,0.3968,0.9724,-9.7435,8.0251
69,5.3957,4.0527,0.4256,0.3826,0.6746,-6.862,5.0124
70,4.7425,4.1401,0.5612,0.3147,0.7918,-8.6052,13.7245
71,4.8321,3.8371,0.36,0.4845,0.5956,-8.8983,10.8678
72,5.0197,3.9363,0.5447,0.5251,0.6156,-8.3908,7.1577
73,5.2601,4.0888,0.6243,0.4202,0.8512,-5.8614,13.059000000000001
74,5.4147,4.28,0.5392,0.3928,0.6132,-9.5276,12.4793
75,4.6469,4.4594,0.375,0.3785,0.6667,-7.6235,9.2656
76,4.7534,4.4223,0.3958,0.4428,0.6923,-7.7159,8.2412
77,4.1398,4.1898,0.6938,0.5452,0.5359,-5.6095,8.8532
78,4.6623,4.3162,0.6886,0.6706,0.7056,-6.2714,13.9147
79,5.3807,4.1002,0.3967,0.5228,0.9977,-5.3269,10.9667
80,5.2233,3.9131,0.3347,0.3598,0.7968,-6.5566,5.9444
81,4.0036,3.9874,0.4329,0.6367,0.6308,-6.3299,11.6045
82,4.8434,3.8806,0.5203,0.5968,0.9517,-8.2142,11.762
83,4.9342,3.8685,0.6686,0.6896,0.8717,-8.767000000000001,14.4333
84,4.1564,4.4895,0.3035,0.4792,0.6819,-7.1348,11.9567
85,5.0716,4.3543,0.4152,0.3169,0.5026,-5.0406,12.0154
86,5.3549,4.1518,0.6626,0.6726,0.9036,-7.3293,10.2586
87,5.1849,3.8532,0.5907,0.6827,0.8329,-5.1093,5.8874
88,5.2433,4.4498,0.3919,0.4178,0.5928,-7.0089999999999995,7.7523
89,4.3343,4.1962,0.32,0.6958,0.5809,-5.598,7.994
