,total_pressure_coe
0,0.7828138545
1,0.7830870972
2,0.7033142737
3,0.6974337277
4,0.802468836
5,0.6401439013
6,0.818195053
7,0.7868011802
8,0.8000361492
9,0.7438489995
10,0.654778856
11,0.721750671
12,0.721750671
13,0.7177627398
14,0.8027761369
15,0.8997925625
16,0.7734124316
17,0.8035757199
18,0.7869219828
19,0.7612426241
20,0.8244965313
21,0.6680700484
22,0.7333654224
23,0.669925287
24,0.681316206
25,0.6647364391
26,0.8641918334
27,0.7634018613
28,0.7651680614
29,0.6472499662
30,0.6969314773
31,0.683304845
32,0.7574786885
33,0.7574786885
34,0.7747418358
35,0.6210769103
36,0.6210769103
37,0.7373737884
38,0.7908589723
39,0.8569885113
40,0.8357843227
41,0.7762589243
42,0.6553469658
43,0.6673415489
44,0.7030133548
45,0.6744973527
46,0.6744973527
47,0.7316302189
48,0.6481496022
49,0.8426035431
50,0.8831497723
51,0.8831497723
52,0.7723888459
53,0.8550492089
54,0.7718567976
55,0.7031163147
56,0.7922820775
57,0.827924776
58,0.7480505762
59,0.7348287628
60,0.7348287628
61,0.8744352748
62,0.7046315109
63,0.7451275264
64,0.8899206101
65,0.7536249594
66,0.7887332272
67,0.7148293998
68,0.8137833134
69,0.7449014303
70,0.8883463892
71,0.8883463892
72,0.7437622347
73,0.6449642264
74,0.6449642264
75,0.839609255
76,0.6462627386
77,0.669189346
78,0.7041699594
79,0.6674572278
80,0.8723278515
81,0.7705714945
82,0.703281426
83,0.8161901099
84,0.7448833937
85,0.8110726056
86,0.7266119499
87,0.648654363
88,0.648654363
89,0.6849476877
90,0.8233656395
91,0.6682587817
92,0.7082614819
93,0.7193328211
94,0.7193328211
95,0.7193328211
96,0.7193328211
97,0.7984662743
98,0.6977796992
99,0.748590153
100,0.8286087103
101,0.8082077243
102,0.7734626018
103,0.6952530899
104,0.8995499876
105,0.7982089377
106,0.7976648364
107,0.7531422243
108,0.7429901252
109,0.8077391497
110,0.709444999
111,0.7157205679
112,0.8419098004
113,0.8477031982
114,0.8158366474
115,0.6533860516
116,0.8051772203
117,0.7798868031
118,0.6832958118
119,0.732079595
120,0.7466287265
121,0.7073074038
122,0.6548638267
123,0.6989690085
124,0.7734672461
125,0.7390745733
126,0.8233903021
127,0.8213062385
128,0.8284513521
129,0.7263432926
130,0.7954226296
131,0.8627501732
132,0.6508533935
133,0.7015194447
134,0.7550199577
135,0.873696873
136,0.8943286381
137,0.6700726568
138,0.7116173599
139,0.6816410843
140,0.8939953877
141,0.671652421
142,0.797184769
143,0.7444671094
144,0.8539037029
145,0.824279988
146,0.7918618621
147,0.6935079474
148,0.7530294863
149,0.7117183833
150,0.7117183833
151,0.7554027307
152,0.7269912495
153,0.7939157984
154,0.7476299561
155,0.7534528954
156,0.7408961243
157,0.8043681058
158,0.8531577429
159,0.8276830471
160,0.6779340082
161,0.7264721413
162,0.8708706689
163,0.7098549228
164,0.8737504479
165,0.858088099
166,0.8248584943
167,0.8248584943
168,0.8248584943
169,0.7734097604
170,0.7709683365
171,0.6621417461
172,0.7898047872
173,0.7210690533
174,0.8113708614
175,0.6680334212
176,0.7737749243
177,0.6925375438
178,0.6925375438
179,0.8313396505
180,0.8704988096
181,0.6811953534
182,0.6659121861
183,0.5963973168
184,0.6437705662
185,0.8173919058
186,0.8120147772
187,0.7699883123
188,0.7143779379
189,0.7025782337
190,0.7729832335
191,0.7729832335
192,0.7642625668
193,0.816482768
194,0.8886384334
195,0.6828632223
196,0.7337625511
197,0.7587248472
198,0.8509922382
199,0.74611371
200,0.7006382651
201,0.751210476
202,0.7791363708
203,0.738783058
204,0.8388285761
205,0.7630380417
206,0.7369518712
207,0.7369518712
208,0.7667402453
209,0.8108396255
210,0.7685266529
211,0.8006937924
212,0.8249372545
213,0.6820181038
214,0.6820181038
215,0.7214227548
216,0.5874883835
217,0.6877113762
218,0.6877113762
219,0.6877113762
220,0.7941873488
221,0.6655742831
222,0.714527748
223,0.8552488054
224,0.8066734581
225,0.6635391081
226,0.7085297426
227,0.6017236569
228,0.7648033297
229,0.7774299419
230,0.8145287346
231,0.8078280729
232,0.7365430073
233,0.7134682162
234,0.7367642844
235,0.7838762901
236,0.7045798609
237,0.8484996468
238,0.8419831517
239,0.6516594322
240,0.7974317714
241,0.8897220381
242,0.7061027971
243,0.821209168
244,0.7568473618
245,0.8023396705
246,0.7185441791
247,0.7981923482
248,0.8252689126
249,0.7964158096
250,0.7684400554
251,0.7427178368
252,0.7335446913
253,0.8162067335
254,0.8162067335
255,0.8783106354
256,0.6937388191
257,0.7690977498
258,0.7784159973
259,0.814457176
260,0.8059787
261,0.7948511923
262,0.7443125534
263,0.7821913926
264,0.8143262727
265,0.7915750381
266,0.8229484776
267,0.7066256623
268,0.7066256623
269,0.7066256623
270,0.7806735482
271,0.7865234964
272,0.7332933599
273,0.8756603335
274,0.7964637554
275,0.7671445649
276,0.6897772396
277,0.6896622515
278,0.771284142
279,0.781319169
280,0.7561950605
281,0.7442547993
282,0.8303619018
283,0.6595170258
284,0.6507468726
285,0.8333885018
286,0.8109184281
287,0.8268360757
288,0.8815318394
289,0.6021333896
290,0.7648940063
291,0.7648940063
292,0.7723269704
293,0.7161820734
294,0.7161820734
295,0.8264881858
296,0.7336788241
297,0.700792905
298,0.7150309227
299,0.685855947
300,0.7982370685
301,0.6818573883
302,0.813520891
303,0.8536459443
304,0.6259396107
305,0.8230139161
306,0.8677862816
307,0.8932163518
308,0.8834278316
309,0.8379548948
310,0.6882719404
311,0.7163036152
312,0.890186878
313,0.7201582228
314,0.7028112054
315,0.7521898176
316,0.7442828252
317,0.7888664434
318,0.7164567966
319,0.6918672848
320,0.69279701
321,0.77578821
322,0.77578821
323,0.77578821
324,0.7888288871
325,0.6764450386
326,0.6764450386
327,0.8699848778
328,0.7053636163
329,0.8203962209
330,0.8203962209
331,0.6710090333
332,0.7391818705
333,0.7824988271
334,0.827674209
335,0.6979803333
336,0.6368904984
337,0.8166951191
338,0.6930740835
339,0.7316980784
340,0.6351628218
341,0.8011806711
342,0.7577937432
343,0.7860815631
344,0.7729062969
345,0.7727855538
346,0.7159022085
347,0.6922784636
348,0.6698277965
349,0.7251630058
350,0.7973434846
351,0.7973434846
352,0.8319792357
353,0.7854368303
354,0.7213897543
355,0.8982092243
356,0.6896299816
357,0.881060943
358,0.7554374114
359,0.6480015766
360,0.6480015766
361,0.6890512906
362,0.6539619514
363,0.6936230308
364,0.6979033284
365,0.6679555834
366,0.7667302925
367,0.8000318423
368,0.8797047442
369,0.7815576559
370,0.7118933496
371,0.7118933496
372,0.6970985504
373,0.7085826103
374,0.7678454427
375,0.7804363885
376,0.700946989
377,0.7242625318
378,0.7085613827
379,0.8657332989
380,0.8657332989
381,0.6815747002
382,0.8320539678
383,0.6786919965
384,0.7855132261
385,0.7969267154
386,0.6498303454
387,0.6854008081
388,0.7782472313
389,0.7367276944
390,0.7858540987
391,0.840113267
392,0.7459739877
393,0.7715457785
394,0.7715457785
395,0.799934889
396,0.8862251873
397,0.6592266909
398,0.8644056953
399,0.6695289581
400,0.7032199944
401,0.7484548524
402,0.7683295585
403,0.8325495691
404,0.8434940032
405,0.6769578036
406,0.7194376884
407,0.8306096299
408,0.7976696033
409,0.7976696033
410,0.8347688265
411,0.8347688265
412,0.7722864262
413,0.7117746442
414,0.7543352273
415,0.6109095366
416,0.6109095366
417,0.7110229119
418,0.8202303204
419,0.7949427202
420,0.761808665
421,0.8549044014
422,0.707489728
423,0.8464540251
424,0.7550681416
425,0.7612538714
426,0.7470791159
427,0.7506294405
428,0.7506294405
429,0.7397803011
430,0.6930984742
431,0.8271110528
432,0.746093211
433,0.6761638213
434,0.6761638213
435,0.89162147
436,0.8336131465
437,0.6680872982
438,0.6680872982
439,0.7137037383
440,0.7570932411
441,0.7892390103
442,0.7892390103
443,0.7457509185
444,0.765537246
445,0.6740547559
446,0.6439342055
447,0.8196393804
448,0.6984979844
449,0.7281673161
450,0.714154462
451,0.9130665351
452,0.9130665351
453,0.9130665351
454,0.8467203683
455,0.8557017616
456,0.8508124202
457,0.890673651
458,0.6468258323
459,0.7315804612
460,0.8337354143
461,0.7681273672
462,0.7399659494
463,0.771764008
464,0.7493149506
465,0.8015105209
466,0.8015105209
467,0.7740100811
468,0.6081267674
469,0.7605241893
470,0.7775123327
471,0.7412196434
472,0.8787134368
473,0.6941874743
474,0.8600145134
475,0.7438688656
476,0.7838164283
477,0.7308549668
478,0.8021512909
479,0.8658501608
480,0.7517297476
481,0.7529490092
482,0.8351077786
483,0.6326299942
484,0.6326299942
485,6.2076473938
486,0.8162269583
487,0.7402950965
488,0.7402950965
489,0.874357887
490,0.7095663405
491,0.8433030214
492,0.8292471174
493,0.6813272094
494,0.7270551613
495,0.734146066
496,0.7695747549
497,0.8434063755
498,0.6997173907
499,0.7570985265
500,0.8061329676
501,0.7047802363
502,0.8170695851
503,0.7282221352
504,0.7842419003
505,0.7375840801
506,0.8530312789
507,0.7632952271
508,0.7733632864
509,0.7341286488
510,0.7341286488
511,0.7799990722
512,0.8897201504
513,0.8021266749
514,0.8021266749
515,0.6720237528
516,0.7612273203
517,0.8806059534
518,0.6660327694
519,0.8286368805
520,0.6808843641
521,0.8406499999
522,0.6505254292
523,0.8544715203
524,0.7424477955
525,0.6502161702
526,0.7695493434
527,0.7119297816
528,0.7173459029
529,0.7173459029
530,0.7173459029
531,0.7173459029
532,0.7173459029
533,0.7860338321
534,0.8163785985
535,0.7753069421
536,0.8141701815
537,0.7284341387
538,0.7822295976
539,0.877172791
540,0.6588113493
541,0.7885926356
542,0.7885926356
543,0.7776941304
544,0.6539959826
545,0.7750258851
546,0.7772112521
547,0.7772112521
548,0.6470857714
549,0.7532915912
550,0.7996284013
551,0.8178339417
552,0.6640854286
553,0.6640854286
554,0.7383945216
555,0.7412091025
556,0.7412091025
557,0.7654297645
558,0.8888857342
559,0.7660815258
560,0.5886847809
561,0.8932092467
562,0.8238393337
563,0.794850429
564,0.8358703631
565,0.8303893085
566,0.7909229602
567,0.7520326588
568,0.8228388785
569,0.8128136537
570,0.8727546782
571,0.7372427576
572,0.6754161756
573,0.8062483423
574,0.760027867
575,0.6331888353
576,0.8019630181
577,0.7973170008
578,0.8868450299
579,0.8166270607
580,0.7249553989
581,0.6467471449
582,0.6382685026
583,0.8731504672
584,0.8333005813
585,0.8812238663
586,0.5543640719
587,0.7092024367
588,0.832528411
589,0.8172747757
590,0.7354437718
591,0.6820827616
592,0.8195530759
593,0.9448126247
594,0.7999767284
595,0.7062327076
596,0.793306075
597,0.8074831179
598,0.8285779596
599,0.7331069684
600,0.7331069684
601,0.7331069684
602,0.7446438631
603,0.7440979232
604,0.7476517153
605,0.7574418668
606,0.8562973438
607,0.8562973438
608,0.8627618683
609,0.8630496795
610,0.8108860103
611,0.6588462245
612,0.6422133199
613,0.8070277544
614,0.8427807317
615,0.747889941
616,0.6629568679
617,0.7931623811
618,0.6824839328
619,0.6573106483
620,0.690367721
621,0.7460157694
622,0.8609681867
623,0.7654085064
624,0.7654085064
625,68.8541462218
626,0.8078161519
627,0.8926979493
628,0.8926979493
629,0.7540413026
630,0.8007065015
631,0.6464630511
632,0.6479091193
633,0.7855220364
634,0.7855220364
635,0.6845933501
636,0.6589099153
637,0.7298831448
638,0.8277784724
639,0.7446587365
640,0.6636116325
641,0.7959085656
642,0.8321617016
643,0.7710614778
644,0.7710614778
645,0.8256574311
646,0.7515956065
647,0.7515956065
648,0.6277885104
649,0.6628913758
650,0.8361644495
651,0.7505627296
652,0.710372946
653,0.6723197971
654,0.8492314292
655,0.7768326489
656,0.6584457492
657,0.7889152377
658,0.6845941983
659,0.6845941983
660,0.6646803419
661,0.7320435851
662,0.7871893644
663,0.8580286235
664,0.7890688424
665,0.851717782
666,0.8087727382
667,0.8037431228
668,0.7566786938
669,0.8257216912
670,0.704888999
671,0.7357327844
672,0.8647173328
673,0.8147179507
674,0.8510282943
675,0.7878548722
676,0.6499128219
677,0.7434057643
678,0.7123408096
679,0.8144594341
680,0.6510408766
681,0.7871224398
682,0.705637823
683,0.7725459297
684,0.6822597255
685,0.860759258
686,0.723414564
687,0.7918313546
688,0.7471443251
689,0.8216511286
690,0.7498439348
691,0.8021229451
692,0.7952604817
693,0.7403039049
694,0.7403039049
695,0.675486122
696,0.8302853955
697,0.8428794835
698,0.7504859543
699,0.8340318497
700,0.6967491271
701,0.6882026526
702,0.7983194147
703,0.7153170175
704,0.67202934
705,0.7735504377
706,0.7536947632
707,0.7737261796
708,0.7145875021
709,0.7434199043
710,0.7434199043
711,0.7996354061
712,0.8160452284
713,0.8160452284
714,0.8419375033
715,0.8903154117
716,0.8903154117
717,0.7766611348
718,0.7796454431
719,0.6858605803
720,0.7008682917
721,0.7008682917
722,0.6825782031
723,0.7850427598
724,0.7850427598
725,0.7249289491
726,0.7578045
727,0.8759487548
728,0.8137670784
729,0.6994448846
730,0.7089625491
731,0.7574661559
732,0.7574661559
733,0.810327914
734,0.8218851935
735,0.6749060201
736,0.79943732
737,0.7346425534
738,0.8915660133
739,0.6711482357
740,0.6940311209
741,0.7089976323
742,0.7698696642
743,0.8882373409
744,0.8387336523
745,0.8631192083
746,0.8479133276
747,0.7250291924
748,0.7792430539
749,0.802733649
750,0.7690799666
751,0.6412316362
752,0.7740405276
753,0.66908265
754,0.6607126294
755,0.8247487144
756,0.7872723973
757,0.676139418
758,0.8156317524
759,0.7466893391
760,0.7409179785
761,0.6556882545
762,0.6801206419
763,0.6988720442
764,0.6988720442
765,0.7155190911
766,0.8210972203
767,0.8103098028
768,0.8186057127
769,0.6849967536
770,0.7227512366
771,0.5905240487
772,0.8166730189
773,0.8166730189
774,0.8248197966
775,0.7597404996
776,0.7221055746
777,0.7221055746
778,0.7987911513
779,0.7913892762
780,0.7614348112
781,0.8447816676
782,0.7040926005
783,0.5868220157
784,0.8209980472
785,0.6804930184
786,0.6412246235
787,0.6651089766
788,0.8427302563
789,0.8428271195
790,0.6713231302
791,0.8551764198
792,0.7589521068
793,0.7874519524
794,0.8121724153
795,0.7631871736
796,0.6947240152
797,0.7237030567
798,0.8244309085
799,0.8371902839
800,0.911183894
801,0.7906934931
802,0.6548839541
803,0.7470038765
804,0.8083139745
805,0.6387112061
806,0.6387112061
807,0.762044398
808,0.7123241221
809,0.6410276577
810,0.7884078636
811,0.7724625698
812,0.7724625698
813,0.8586095566
814,0.8586095566
815,0.8586095566
816,0.8186648267
817,0.7216759657
818,0.8163846237
819,0.8694156088
820,0.6340565434
821,0.8115310963
822,0.7518219162
823,0.7899058264
824,0.7651883719
825,0.7001375023
826,0.6958407099
827,0.6958407099
828,0.6745593442
829,0.728250584
830,0.6657329351
831,0.7756413768
832,0.7756413768
833,0.7756413768
834,0.6895434749
835,0.8807911852
836,0.7311807465
837,0.6679287974
838,0.6364389881
839,0.6364389881
840,0.7480250517
841,0.7414804207
842,0.8685719643
843,0.7290702736
844,0.6107070491
845,0.6802992568
846,0.7075235139
847,0.8819982555
848,0.8819982555
849,0.7683196872
850,0.6711696426
851,0.7419364811
852,0.684136854
853,0.6820813852
854,0.8225977061
855,0.7424941928
856,0.6574158787
857,0.7365957312
858,0.7365957312
859,0.6951550911
860,0.6799949163
861,0.6551107012
862,0.7489261805
863,0.6890798884
864,0.8007968524
865,0.8248063466
866,0.7414617987
867,0.7991799959
868,0.7147285937
869,0.7147285937
870,0.7896738582
871,0.7054655091
872,0.7443134147
873,0.8119850252
874,0.8119850252
875,0.8321316585
876,0.8101435106
877,0.8739719978
878,0.8739719978
879,0.7818728232
880,0.6838168525
881,0.7257091278
882,0.786230935
883,0.786230935
884,0.7328906808
885,0.6590065497
886,0.7178876082
887,0.6888800807
888,0.8109596019
889,0.7816963869
890,0.6579552861
891,0.6589908014
892,0.6949111545
893,0.6845165967
894,0.8363431733
895,0.8154974964
896,0.7183816489
897,0.7228649197
898,0.7228649197
899,0.8082129597
900,0.8082129597
901,0.669826132
902,0.6967330765
903,0.7108215588
904,0.8182764812
905,0.7226117022
906,0.6819866052
907,0.6819866052
908,0.7061286462
909,0.7577442497
910,0.765309205
911,0.7334108035
912,0.7215453925
913,0.8763166911
914,0.8473803894
915,0.8404207916
916,0.8404207916
917,0.6797466361
918,0.7237453516
919,0.8070023193
920,0.7815567932
921,0.8164529784
922,0.760277828
923,0.7530756926
924,0.7390182669
925,0.7655588946
926,0.7515869781
927,0.6594535887
928,0.5883476753
929,0.7729931915
930,0.7232737946
931,0.7454242414
932,0.7448460234
933,0.7448460234
934,0.7731294367
935,0.7349491211
936,0.7349491211
937,0.7495572826
938,0.8367771372
939,0.6490727397
940,0.7680580346
941,0.7680580346
942,0.6994237278
943,0.7173291099
944,0.6879072318
945,0.7682360042
946,0.7347905189
947,0.7347905189
948,0.801827058
949,0.6903029665
950,0.7290612126
951,0.7539231304
952,0.8459797042
953,0.7129218674
954,0.7625021143
955,0.7625021143
956,0.6357316873
957,0.6866077005
958,0.760297646
959,0.7699727509
960,0.8384864493
961,0.681237115
962,0.7446171756
963,0.7987693906
964,0.634807686
965,0.5976914265
966,0.744193582
967,0.7587580511
968,0.8930603264
969,0.6793585427
970,0.7756186868
971,0.8083473849
972,0.7479033917
973,0.6671065681
974,0.8116054515
975,0.6566870736
976,0.7760708721
977,0.7377243312
978,0.694574298
979,0.8204565466
980,0.9044993668
981,0.8026382714
982,0.8026382714
983,0.7708721505
984,0.7655230028
985,0.7615912162
986,0.6943370993
987,0.9089964956
988,0.7000736995
989,0.7000736995
990,0.7537366949
991,0.7641475384
992,0.7804404538
993,0.7478532046
994,0.7019366144
995,0.7257653393
996,0.7520688146
997,0.7520688146
998,0.8577628849
999,0.8060990231
1000,0.7776035708
1001,0.8108744724
1002,0.727925197
1003,0.7119385993
1004,0.8367313873
1005,0.7900156616
1006,0.7695237364
1007,0.7325183422
1008,0.7456696886
1009,0.7609972158
1010,0.8904899795
1011,0.8280207023
1012,0.8530232868
1013,0.7412716233
1014,0.8278750405
1015,0.7700388066
1016,0.6817751506
1017,0.7943061709
1018,0.7760999963
1019,0.6292026422
1020,0.7128567726
1021,0.7749674766
1022,0.7497105671
1023,0.9117400422
1024,0.7613382038
1025,0.7613382038
1026,0.8021865548
1027,0.6841466479
1028,0.8109099109
1029,0.7679228812
1030,0.7667046069
1031,0.7158748997
1032,0.8285661523
1033,0.7157804384
1034,0.8111954754
1035,0.8111954754
1036,0.7486947756
1037,0.7155815406
1038,0.6535369777
1039,0.6535369777
1040,0.7548076266
1041,0.832332028
1042,0.7749615385
1043,0.5790057111
1044,0.8485713256
1045,0.6935555652
1046,0.8579949242
1047,0.7994205437
1048,0.8304844681
1049,0.8540312587
1050,0.8116128268
1051,0.7574350672
1052,0.7574350672
1053,0.8174030891
1054,0.728075598
1055,0.8179337262
1056,0.7081041753
1057,0.7498068942
1058,0.8376436733
1059,0.7983419295
1060,0.8165824171
1061,0.7190061015
1062,0.6553989042
1063,0.7304319625
1064,0.8995685978
1065,0.8177887576
1066,0.9041154584
1067,0.8443618884
1068,0.7588392371
1069,0.77864915
1070,0.7120366355
1071,0.7269663647
1072,0.7269663647
1073,0.7759732907
1074,0.8822203418
1075,0.7070196717
1076,0.753917001
1077,0.8011040623
1078,0.8011040623
1079,0.8072264951
1080,0.800666287
1081,0.800666287
1082,0.8734798923
1083,0.6587757042
1084,0.6711100897
1085,0.696208402
1086,0.7090643072
1087,0.8835719005
1088,0.6932412856
1089,0.8085600732
1090,0.8028078278
1091,0.8028078278
1092,0.8028078278
1093,0.7092477885
1094,0.745523616
1095,0.745523616
1096,0.795000033
1097,0.7515302218
1098,0.754082959
1099,0.8270387887
1100,0.7068895506
1101,0.7068895506
1102,0.7870004581
1103,0.8505440331
1104,0.7423591945
1105,0.7765592692
1106,0.7526970903
1107,0.696233151
1108,0.7509883331
1109,0.8336210506
1110,0.7002308
1111,0.8287783212
1112,0.7852201081
1113,0.8217990583
1114,0.8481540726
1115,0.7375320553
1116,0.8176513027
1117,0.7570866798
1118,0.6795349756
1119,0.6795349756
1120,0.6795349756
1121,0.6935301198
1122,0.8678011382
1123,0.6643853288
1124,0.8128007731
1125,0.7347012667
1126,0.7353778658
1127,0.6205272103
1128,0.7942654867
1129,0.7995045686
1130,0.8188352007
1131,0.7523924268
1132,0.6434412435
1133,0.808008359
1134,0.7487621973
1135,0.8642694105
1136,0.6941660669
1137,0.7028947946
1138,0.6788753037
1139,0.6955888516
1140,0.7296649723
1141,0.7273092132
1142,0.7273092132
1143,0.6149450207
1144,0.7741511525
1145,0.6764599256
1146,0.7973704584
1147,0.7328179721
1148,0.8216544457
1149,0.6977615476
1150,0.7550776273
1151,0.7871291376
1152,0.7112234061
1153,0.8751170551
1154,0.736518064
1155,0.8251199022
1156,0.6829809008
1157,0.8041390238
1158,0.7370141051
1159,0.8280895879
1160,0.7010263747
1161,0.6112180397
1162,0.6562576008
1163,0.6419720092
1164,0.7869926547
1165,0.7288405063
1166,0.8452108152
1167,0.6643327678
1168,0.7393314133
1169,0.7906881118
1170,0.7348963278
1171,0.8830599765
1172,0.8936911604
1173,0.6950518785
1174,0.6396215959
1175,0.6432009079
1176,0.7668394437
1177,0.796143508
1178,0.811560486
1179,0.8346353925
1180,0.7852705987
1181,0.859522573
1182,0.6713830427
1183,0.7647471314
1184,0.8003881694
1185,0.6667245685
1186,0.714677616
1187,0.7144871341
1188,0.7087282799
1189,0.8139582873
1190,0.747567358
1191,0.8832712326
1192,0.8551747877
1193,0.7475514963
1194,0.7475514963
1195,0.7995205421
1196,0.6442568551
1197,0.8302499148
1198,0.777872559
1199,0.6665799842
1200,0.8079971048
1201,0.8079971048
1202,0.7673714799
1203,0.7673714799
1204,0.8851143102
1205,0.766180662
1206,0.8147569423
1207,0.8347849276
1208,0.6828970054
1209,0.6356023077
1210,0.8827728148
1211,0.8551472658
1212,0.6838979789
1213,0.792148472
1214,0.7680346914
1215,0.7197656603
1216,0.730527824
1217,0.8042412877
1218,0.7753766755
1219,0.7375479149
1220,0.6639078522
1221,0.7689214106
1222,0.8081917216
1223,0.731805309
1224,0.598214607
1225,0.71334193
1226,0.6732018204
1227,0.8536484243
1228,0.8391630847
1229,0.7167879823
1230,0.7060613817
1231,0.6889338373
1232,0.8019160173
1233,0.76857098
1234,0.7212365716
1235,0.6697148109
1236,0.6886392087
1237,0.6666378557
1238,0.6708366902
1239,0.6708366902
1240,0.7811584694
1241,0.7348544938
1242,0.7526041382
1243,0.8067392294
1244,0.812922648
1245,0.7702825717
1246,0.7702825717
1247,0.7832744272
1248,0.7761690282
1249,0.8739853746
1250,0.8005430937
1251,0.7293354875
1252,0.8703035825
1253,0.8883092492
1254,0.6490820087
1255,0.8108032949
1256,0.6349788076
1257,0.6547940823
1258,0.7574566823
1259,0.7751311518
1260,0.6373512731
1261,0.7142485593
1262,0.6907902304
1263,0.6916067658
1264,0.7155280913
1265,0.6931888918
1266,0.7720018335
1267,0.8589676422
1268,0.8863651903
1269,0.8129950771
1270,0.7347722993
1271,0.7889213452
1272,0.7407504335
1273,0.7731953175
1274,0.7182272413
1275,0.860102762
1276,0.860102762
1277,0.7273788764
1278,0.7759685957
1279,0.7978696344
1280,0.7650886285
1281,0.7650886285
1282,0.8123946114
1283,0.7138378956
1284,0.8244841846
1285,0.7263126665
1286,0.7919367675
1287,0.9044638271
1288,0.9044638271
1289,0.7442244174
1290,0.7197111078
1291,0.7197111078
1292,0.8101029222
1293,0.7257170805
1294,0.7487134184
1295,0.8119345239
1296,0.7445343264
1297,0.7021202481
1298,0.7554668744
1299,0.7842233297
1300,0.7842233297
1301,0.7878776202
1302,0.7878776202
1303,0.8607611944
1304,0.8607611944
1305,0.8488001844
1306,0.6337418336
1307,0.7873920027
1308,0.8296647758
1309,0.8296647758
1310,0.6241435607
1311,0.8274094093
1312,0.608139077
1313,0.8384145311
1314,0.7268023123
1315,0.6767435925
1316,0.7310770223
1317,0.6259566555
1318,0.7507865222
1319,0.7507865222
1320,0.7324852889
1321,0.7509582533
1322,0.7233664905
1323,0.6696211659
1324,0.6983786667
1325,0.7072081563
1326,0.7913896963
1327,0.8467966449
1328,0.6247779595
1329,0.8445322404
1330,0.7187927996
1331,0.7538126901
1332,0.7194560873
1333,0.6654310439
1334,0.6315627223
1335,0.8858213957
1336,0.7453170942
1337,0.7225879055
1338,0.7521898081
1339,0.7295534047
1340,0.7295534047
1341,0.7510601605
1342,0.8177473112
1343,0.8177473112
1344,0.7505447562
1345,0.7705652128
1346,0.6706878992
1347,0.7020402301
1348,0.8180325904
1349,0.8031778809
1350,0.8203640568
1351,0.7733018625
1352,0.787684152
1353,0.7749572417
1354,0.8586045007
1355,0.8165001269
1356,0.6914661677
1357,0.7466338894
1358,0.7008709305
1359,0.6938002495
1360,0.7720392722
1361,0.7092434072
1362,0.698875655
1363,0.752752813
1364,0.9009881547
1365,0.689146568
1366,0.7971740576
1367,0.7895181255
1368,0.8624100284
1369,0.6275468817
1370,0.7334794619
1371,0.8725802748
1372,0.684725568
1373,0.7392578676
1374,0.7659367663
1375,0.6629240579
1376,0.7804289743
1377,0.7924188251
1378,0.7925261388
1379,0.6358685933
1380,0.708433832
1381,0.8763191908
1382,0.8109001355
1383,0.8109001355
1384,0.8070651213
1385,0.7751775642
1386,0.7819805854
1387,0.7507603636
1388,0.6755264676
1389,0.7680129614
1390,0.7913995217
1391,0.683105776
1392,0.7148015823
1393,0.6919893462
1394,0.7811540549
1395,0.720097956
1396,0.7222016727
1397,0.7892488829
1398,0.7892488829
1399,0.6796011589
1400,0.7386089807
1401,0.6572883679
1402,0.6572883679
1403,0.8111832803
1404,0.7275800301
1405,0.7291415796
1406,0.8571065799
1407,0.8003786145
1408,0.8213319081
1409,0.8048577839
1410,0.6093572219
1411,0.7554430006
1412,0.7594939283
1413,0.7178751606
1414,0.8257556607
1415,0.7885084391
1416,0.7811776175
1417,0.8362775855
1418,0.7001069519
1419,0.7439429269
1420,0.6459314842
1421,0.649966653
1422,0.716752487
1423,0.8343333661
1424,0.8343333661
1425,0.7798288052
1426,0.6586039469
1427,0.8132436204
1428,0.6750701465
1429,0.7268588917
1430,0.7505561387
1431,0.6658420825
1432,0.7914023518
1433,0.8648354781
1434,0.7575930485
1435,0.7112385527
1436,0.8264435083
1437,0.7261498821
1438,0.7400858813
1439,0.8324321768
1440,0.8673705875
1441,0.7536982513
1442,0.7410864214
1443,0.7410864214
1444,0.6629128244
1445,0.8757249527
1446,0.7454101811
1447,0.7563271334
1448,0.7447094656
1449,0.8522029754
1450,0.7768155706
1451,0.7883990954
1452,0.8135277003
1453,0.676032117
1454,0.6316092235
1455,0.8162465367
1456,0.8162465367
1457,0.6636919418
1458,0.6615842146
1459,0.8328745711
1460,0.7407585361
1461,0.6943623821
1462,0.7758884514
1463,0.7913727232
1464,0.6598921
1465,0.7336102677
1466,0.7599851187
1467,0.7895527506
1468,0.8003971549
1469,0.7353867199
1470,0.8054735853
1471,0.7821526146
1472,0.7725649647
1473,0.8202591826
1474,0.8501399588
1475,0.7114189209
1476,0.7134468123
1477,0.7169251491
1478,0.7565115491
1479,0.7269155775
1480,0.7718749581
1481,0.7718749581
1482,0.7718749581
1483,0.6454688988
1484,0.665215244
1485,0.7453277823
1486,0.8416584332
1487,0.7776566307
1488,0.7335350699
1489,0.7021403197
1490,0.6861697039
1491,0.8193701189
1492,0.7709309362
1493,0.7709309362
1494,0.6647176181
1495,0.6535584901
1496,0.7928849803
1497,0.82152032
1498,0.7394490894
1499,0.699796451
1500,0.699796451
1501,0.699796451
1502,0.7249971791
1503,0.8170345734
1504,0.640451359
1505,0.640451359
1506,0.8520018648
1507,0.8309345544
1508,0.7589125965
1509,0.8536534954
1510,0.6877983498
1511,0.7035828073
1512,0.8001317175
1513,0.8687734536
1514,0.7041753041
1515,0.6606957615
1516,0.6580826871
1517,0.6945177658
1518,0.8860466218
1519,0.8860466218
1520,0.7139986124
1521,0.8380980664
1522,0.5893158396
1523,0.6720840085
1524,0.8315828232
1525,0.6998180858
1526,0.8431621546
1527,0.8684525932
1528,0.8684525932
1529,0.6840660761
1530,0.7442728439
1531,0.7314998304
1532,0.7906313895
1533,0.9033750039
1534,0.6573331385
1535,0.6573331385
1536,0.5848577967
1537,0.6974505872
1538,0.7391028525
1539,0.7365830437
1540,0.8312587861
1541,0.7863084014
1542,0.6479392171
1543,0.7864216722
1544,0.7019293145
1545,0.720028792
1546,0.8216338239
1547,0.8774547667
1548,0.7188328237
1549,0.7052825759
1550,0.6646864761
1551,0.8153802891
1552,0.8795440307
1553,0.8795440307
1554,7.4489630221
1555,0.78423452
1556,0.7581710973
1557,0.8232886268
1558,0.743127484
1559,0.6663571126
1560,0.8457708518
1561,0.7331010554
1562,0.8135305079
1563,0.7349179067
1564,0.7865646193
1565,0.7865646193
1566,0.7764572004
1567,0.844539237
1568,0.697509429
1569,0.8523643654
1570,0.7043330279
1571,0.6702681618
1572,0.785628333
1573,0.6865980826
1574,0.785089198
1575,0.8743021461
1576,0.8493435921
1577,0.7319013562
1578,0.6405211774
1579,0.7033086692
1580,0.8199266141
1581,0.6357135764
1582,0.7991746383
1583,0.7991746383
1584,0.7747982551
1585,0.783335377
1586,0.6626655673
1587,0.7920448685
1588,0.6710676303
1589,0.7718425574
1590,0.8927520874
1591,0.704260016
1592,0.7300188863
1593,0.7300188863
1594,0.7586575282
1595,0.8432186497
1596,0.8370487106
1597,0.6564477451
1598,0.8645504083
1599,0.8156285924
1600,0.8150958599
1601,0.6799388042
1602,0.7368119701
1603,0.6942688793
1604,0.6231513787
1605,0.7235839425
1606,0.8202218212
1607,0.7221123218
1608,0.7805630985
1609,0.6470224206
1610,0.7606914229
1611,0.7606914229
1612,0.5627656011
1613,0.790667806
1614,0.760615148
1615,0.669742309
1616,0.8755068148
1617,0.8755068148
1618,0.6598584362
1619,0.7503137933
1620,0.7702527622
1621,0.7440190884
1622,0.6831294451
1623,0.7374639799
1624,0.9171489775
1625,0.8229211635
1626,0.7106049137
1627,0.6103604011
1628,0.7863704234
1629,0.6466759092
1630,0.6421567149
1631,0.7414709966
1632,0.826115346
1633,0.826115346
1634,0.7523402295
1635,0.8032631296
1636,0.6690047517
1637,0.710208983
1638,0.8474392083
1639,0.6519097984
1640,0.7481366142
1641,0.8101077546
1642,0.6873079801
1643,0.8356086562
1644,0.8194280121
1645,0.8194280121
1646,0.8433661297
1647,0.8433661297
1648,0.8433661297
1649,0.7431947271
1650,0.6665924356
1651,0.8089622664
1652,0.8800633773
1653,0.7196434764
1654,0.7361619372
1655,0.7483863157
1656,0.7279946286
1657,0.8558977092
1658,0.7769704432
1659,0.8633633042
1660,0.659484702
1661,0.6627051008
1662,0.7432296842
1663,0.7432296842
1664,0.8002875686
1665,0.8002875686
1666,0.6707017342
1667,0.7757939394
1668,0.7293936079
1669,0.7541808453
1670,0.6679890982
1671,0.7777050359
1672,0.8710205306
1673,0.6793957763
1674,0.736078321
1675,0.7647383651
1676,0.7025025941
1677,0.7382871237
1678,0.7382871237
1679,0.7027648505
1680,0.7027648505
1681,0.7924114965
1682,0.9135446172
1683,0.7397677591
1684,0.8188447374
1685,0.6672467916
1686,0.8474493201
1687,0.6925949264
1688,0.6930382323
1689,0.727040912
1690,0.6882448648
1691,0.8117683709
1692,0.6765238172
1693,0.7982557503
1694,0.6758658732
1695,0.8654563922
1696,0.8443606035
1697,0.7462861353
1698,0.7702929171
1699,0.7767031325
1700,0.870843757
1701,0.7283482368
1702,0.7564241324
1703,0.8058142425
1704,0.7784776938
1705,0.766517822
1706,0.8242569126
1707,0.7785626199
1708,0.71236484
1709,0.8442463271
1710,0.6613023344
1711,0.8709874707
1712,0.6876978458
1713,0.7262572562
1714,0.6494742622
1715,0.7282134146
1716,0.6756322575
1717,0.7325059103
1718,0.8511324919
1719,0.7339042276
1720,0.6947094004
1721,0.8570801704
1722,0.7395603053
1723,0.7395603053
1724,0.7502054207
1725,0.7845591245
1726,0.6793386635
1727,0.715839853
1728,0.7087457682
1729,0.6560835302
1730,0.7440591891
1731,0.7622061961
1732,0.7921195717
1733,0.8070645483
1734,0.7923626203
1735,0.8354371064
1736,0.6961743777
1737,0.7970803688
1738,0.6691339339
1739,0.6501107121
1740,0.5661381667
1741,0.8078450375
1742,0.7860230234
1743,0.7730616179
1744,0.7126462445
1745,0.7126462445
1746,0.7814393134
1747,0.7568821679
1748,0.8745391811
1749,0.7931274373
1750,0.7371196917
1751,0.6879817707
1752,0.7399462653
1753,0.7558710478
1754,0.6270357139
1755,0.6994489387
1756,0.8105423903
1757,0.7567807806
1758,0.6391884669
1759,0.7108649918
1760,0.677223656
1761,0.677223656
1762,0.7884571689
1763,0.6994330263
1764,0.752543594
1765,0.7608349055
1766,0.6390268386
1767,0.7172241516
1768,0.8339786447
1769,0.7191704359
1770,0.6462359023
1771,0.7109103668
1772,0.607030711
1773,0.8240414
1774,0.7693762516
1775,0.7421523833
1776,0.6691895202
1777,0.7649350309
1778,0.8486515156
1779,0.87483116
1780,0.7052634292
1781,0.8080166114
1782,0.7073157969
1783,0.63869095
1784,0.8371059622
1785,0.8364785509
1786,0.7762350612
1787,0.7080458861
1788,0.8794489812
1789,0.8794489812
1790,0.787796778
1791,0.766607401
1792,0.8323729431
1793,0.6995462348
1794,0.7383487491
1795,0.7573546181
1796,0.7064025975
1797,0.8203317475
1798,0.8671002882
1799,0.6525442465
1800,0.7984190274
1801,0.6689627991
1802,0.6544050944
1803,0.7971760412
1804,0.7292997298
1805,0.8186799885
1806,0.7636903018
1807,0.8581224336
1808,0.8581224336
1809,0.7504586586
1810,0.7858146849
1811,0.8614202097
1812,0.6765929205
1813,0.7332164556
1814,0.7339212718
1815,0.8527189054
1816,0.8322221937
1817,0.6646410156
1818,0.696570462
1819,0.8433570529
1820,0.906551773
1821,0.7621302295
1822,0.6984398638
1823,0.766483946
1824,0.8637897847
1825,0.8637897847
1826,0.6676202493
1827,0.6676202493
1828,0.665647894
1829,0.6521422537
1830,0.8113245009
1831,0.8185730867
1832,0.8185730867
1833,0.6980464421
1834,0.6980464421
1835,0.6980464421
1836,0.7536601749
1837,0.6726346687
1838,0.7705420903
1839,0.6626876713
1840,0.7962874049
1841,0.7306102534
1842,0.7101475824
1843,0.6335932083
1844,0.6335932083
1845,0.8486792387
1846,0.8467721803
1847,0.7670998198
1848,0.7990652712
1849,0.6253769019
1850,0.6253769019
1851,0.6962746004
1852,0.8697375442
1853,0.8018018165
1854,0.8432568154
1855,0.7747906652
1856,0.7364785602
1857,0.5741149013
1858,0.7984389944
1859,0.6823997876
1860,0.6612657413
1861,0.7654065694
1862,0.7426764938
1863,0.7426764938
1864,0.7214983882
1865,0.7218592677
1866,0.7430856014
1867,0.8060216741
1868,0.8060216741
1869,0.8022866382
1870,0.6906376929
1871,0.6556287209
1872,0.7957547232
1873,0.7018662187
1874,0.8598434739
1875,0.7935723012
1876,0.7797783999
1877,0.6832073394
1878,0.6434641582
1879,0.7783247774
1880,0.8235290127
1881,0.7856099503
1882,0.7856099503
1883,0.6952783019
1884,0.6952783019
1885,0.6581699846
1886,0.7973937977
1887,0.8396682563
1888,0.8396682563
1889,0.8396682563
1890,0.6833676952
1891,0.8398489222
1892,0.6759772268
1893,0.8619233377
1894,0.8619233377
1895,0.6548485519
1896,0.6768378008
1897,0.7820644737
1898,0.7820644737
1899,0.8055149025
1900,0.7809661502
1901,0.7809661502
1902,0.8391914982
1903,0.8391914982
1904,0.8535909155
1905,0.8314741706
1906,0.7002259979
1907,0.7460986279
1908,0.7460986279
1909,0.7460986279
1910,0.7233830934
1911,0.8659586398
1912,0.7476203141
1913,0.688868034
1914,0.6928664905
1915,0.8357375488
1916,0.7661363369
1917,0.7661363369
1918,0.6358530832
1919,0.8159093733
1920,0.7803670308
1921,0.6802860656
1922,0.6291872497
1923,0.8297062977
1924,0.8193053111
1925,0.7220549629
1926,0.8082343732
1927,0.7137777132
1928,0.7057849088
1929,0.6608313097
1930,0.6835192094
1931,0.7927248451
1932,0.8066691541
1933,0.8066691541
1934,0.727166654
1935,0.7275533127
1936,0.7108852511
1937,0.7108852511
1938,0.6801859696
1939,0.8855410204
1940,0.8816554304
1941,0.8527204255
1942,0.7624565136
1943,0.7394357024
1944,0.8140498298
1945,0.6911754245
1946,0.6741124032
1947,0.6741124032
1948,0.8786145659
1949,0.7642005258
1950,0.7217334486
1951,0.8425573004
1952,0.6700039428
1953,0.762617134
1954,0.6309140926
1955,0.7823055651
1956,0.7189683819
1957,0.7360220906
1958,0.8868957322
1959,0.756487043
1960,0.6787069622
1961,0.731618033
1962,0.620203776
1963,0.620203776
1964,0.7852983412
1965,0.7570069871
1966,0.8887119432
1967,0.75359295
1968,0.75359295
1969,0.6893554625
1970,0.6636252299
1971,0.7825744917
1972,0.6688244131
1973,0.8317923253
1974,0.7150619128
1975,0.8723063729
1976,0.7860713223
1977,0.8299417397
1978,0.8399957499
1979,0.754311948
1980,0.6833575096
1981,0.6944309264
1982,0.8583691523
1983,0.8583691523
1984,0.6497692134
1985,0.8379186097
1986,0.7540729481
1987,0.8786504502
1988,0.7656768326
1989,0.8392248629
1990,0.8392248629
1991,0.6891536687
1992,0.6891536687
1993,0.7149091525
1994,0.7317479439
1995,0.7068485345
1996,0.7171088935
1997,0.6915665693
1998,0.8428276881
1999,0.793171956
2000,0.766601488
2001,0.7800397858
2002,0.6089153873
2003,0.8505377275
2004,0.6606860484
2005,0.7443148142
2006,0.8666784793
2007,0.7850274553
2008,0.6854942794
2009,0.728997344
2010,0.6582253179
2011,0.7459050014
2012,0.7025974509
2013,0.7492530517
2014,0.8584257444
2015,0.8521849494
2016,0.8007465808
2017,0.6190620083
2018,0.6190620083
2019,0.7801795369
2020,0.8331546464
2021,0.7370846946
2022,0.8809430534
2023,0.8160890397
2024,0.6979341238
2025,0.7177853642
2026,0.7101394505
2027,0.7101394505
2028,0.6035780494
2029,0.7697723252
2030,0.765474435
2031,0.6697769597
2032,0.724836586
2033,0.7837186886
2034,0.711817236
2035,0.6802121937
2036,0.717700939
2037,0.846732264
2038,0.7019869973
2039,0.6742122489
2040,0.6742122489
2041,0.8529238174
2042,0.6820521743
2043,0.6139936473
2044,0.8337932052
2045,0.8940579624
2046,0.7404514409
2047,0.811555263
2048,0.7122427558
2049,0.7820260284
2050,0.809343608
2051,0.8067047364
2052,0.7779870092
2053,0.8661900508
2054,0.8661900508
2055,0.7180987815
2056,0.8243287016
2057,0.766446771
2058,0.766446771
2059,0.7150437887
2060,0.719880788
2061,0.6769188503
2062,0.8324890878
2063,0.7406417814
2064,0.7252853483
2065,0.7530392165
2066,0.7693032883
2067,0.6512253465
2068,0.6991355957
2069,0.8892763279
2070,0.6863559956
2071,0.6738463894
2072,0.8980383809
2073,0.8980383809
2074,0.8980383809
2075,0.7580255348
2076,0.8794978955
2077,0.7324504807
2078,0.653038939
2079,0.7391708262
2080,0.7493424566
2081,0.7527862801
2082,0.7262572671
2083,0.6687799396
2084,0.708051974
2085,0.6493303556
2086,0.820612618
2087,0.8394194822
2088,0.7143038738
2089,0.7869469697
2090,0.7991448319
2091,0.6510694844
2092,0.7635386223
2093,0.7301668781
2094,0.7301668781
2095,0.7957433445
2096,0.7918011377
2097,0.8282930248
2098,0.8632539808
2099,0.842160641
2100,0.7819083774
2101,0.6851764612
2102,0.7333361085
2103,0.6794184258
2104,0.7315838554
2105,0.6375384346
2106,0.7128148664
2107,0.7128148664
2108,0.6594802736
2109,0.7326692925
2110,0.8584410238
2111,0.676444225
2112,0.8777793902
2113,0.8583413471
2114,0.752625468
2115,0.8117038181
2116,0.7591409385
2117,0.8439363361
2118,0.6107132396
2119,0.7720644386
2120,0.6587610761
2121,0.9003587914
2122,0.9003587914
2123,0.7067364124
2124,0.8868238704
2125,0.7900165246
2126,0.7026936838
2127,0.8825294625
2128,0.676083652
2129,0.7967712906
2130,0.7135537822
2131,0.8706847059
2132,0.6652705587
2133,0.84531095
2134,0.850786128
2135,0.7796391753
2136,0.7039998906
2137,0.7418747466
2138,0.8133525403
2139,0.7780833944
2140,0.7646515647
2141,0.758597555
2142,0.7894771193
2143,0.7102351841
2144,0.7824984786
2145,0.7283083374
2146,0.8074829562
2147,0.7980483238
2148,0.7822451457
2149,0.8252650224
2150,0.8720477379
2151,0.8203331856
2152,0.8036712323
2153,0.8021330494
2154,0.6915143916
2155,0.8593434255
2156,0.6719673487
2157,0.6719673487
2158,0.6939883319
2159,0.7828195634
2160,0.7828195634
2161,0.7289963903
2162,0.7180229075
2163,0.8017506067
2164,0.7796227351
2165,0.8234631149
2166,0.7450617982
2167,0.6540798784
2168,0.6540798784
2169,0.6518176382
2170,0.6518176382
2171,0.8615207793
2172,0.7190620362
2173,0.644166587
2174,0.644166587
2175,0.7394591788
2176,0.7356950073
2177,0.825286484
2178,0.8673960496
2179,0.7676158064
2180,0.7022996544
2181,0.8109027537
2182,0.7122823459
2183,0.8188823333
2184,0.7235476077
2185,0.8460793455
2186,0.826119705
2187,0.7586638032
2188,0.8705405806
2189,0.8705405806
2190,0.8404811261
2191,0.7774576515
2192,0.691280617
2193,0.8023140816
2194,0.8023140816
2195,0.6601721372
2196,0.6755055935
2197,0.6531234658
2198,0.6506579577
2199,0.7603460451
2200,0.6906062367
2201,0.6906062367
2202,0.8937823305
2203,0.8937823305
2204,0.8937823305
2205,0.8058681488
2206,0.8586158525
2207,0.6986736295
2208,0.6986736295
2209,0.7715920688
2210,0.7715920688
2211,0.6597572865
2212,0.8416080168
2213,0.8839253992
2214,0.7678822685
2215,0.6570857
2216,0.8185535768
2217,0.7083222449
2218,0.7542615202
2219,0.7108856133
2220,0.6380067484
2221,0.6380067484
2222,0.6943767857
2223,0.6724098846
2224,0.6857585781
2225,0.7418666147
2226,0.7752860574
2227,0.8072984449
2228,0.7823407345
2229,0.7989575906
2230,0.6806786113
2231,0.7030905919
2232,0.785921822
2233,0.785921822
2234,0.8431276821
2235,0.8455883973
2236,0.7739899625
2237,0.8249796372
2238,0.6595060097
2239,0.8500777565
2240,0.8896322745
2241,0.6590375959
2242,0.7601817759
2243,0.8596835076
2244,0.7798355999
2245,0.7995330119
2246,0.7248219718
2247,0.7717716439
2248,0.7541690292
2249,0.7603201736
2250,0.6633925865
2251,0.8178002874
2252,0.658595774
2253,0.7715991662
2254,0.8473192117
2255,0.8044155724
2256,0.6634539732
2257,0.7197497472
2258,0.6686677155
2259,0.6686677155
2260,0.7994160367
2261,0.7994160367
2262,0.7784677512
2263,0.7784677512
2264,0.8718248289
2265,0.6843914603
2266,0.7999887051
2267,0.6553783024
2268,0.8522246453
2269,0.6898639413
2270,0.7736611595
2271,0.5966326658
2272,0.6367631374
2273,0.7904718151
2274,0.7250668941
2275,0.8163394891
2276,0.8163394891
2277,0.7614483289
2278,0.8753991076
2279,0.8047978158
2280,0.6730209251
2281,0.8541440716
2282,0.7191052721
2283,0.7611666109
2284,0.6517521447
2285,0.6608549869
2286,0.6962035291
2287,0.7296063108
2288,0.6315955964
2289,0.6630389002
2290,0.6630389002
2291,0.836329761
2292,0.7095396297
2293,0.7020949716
2294,0.8476941413
2295,0.8132983757
2296,0.7917349453
2297,0.7284953558
2298,0.7953081179
2299,0.7151019271
2300,0.7237364796
2301,0.8195076522
2302,0.7295685049
2303,0.7295685049
2304,0.806600577
2305,0.739581498
2306,0.6959511487
2307,0.831587108
2308,0.7292732217
2309,0.787090448
2310,0.6594336983
2311,0.8173021972
2312,0.720324326
2313,0.667016102
2314,0.7574583248
2315,0.8765685819
2316,0.863893709
2317,0.863893709
2318,0.7961011357
2319,0.7083413598
2320,0.8279287342
2321,0.8583263243
2322,0.7239827668
2323,0.7293783095
2324,0.7249306104
2325,0.6328737053
2326,0.6567153639
2327,0.6066795979
2328,0.8597458202
2329,0.7738681936
2330,0.770498802
2331,0.8711638263
2332,0.8387721927
2333,0.773290529
2334,0.6622830745
2335,0.7233939283
2336,0.8475922753
2337,0.8575460622
2338,0.7311723405
2339,0.8782350273
2340,0.6998615575
2341,0.8498855042
2342,0.7069212995
2343,0.7069212995
2344,0.7340595226
2345,0.8199291847
2346,0.6378525376
2347,0.7643471432
2348,0.7284392834
2349,0.8192426319
2350,0.8171676924
2351,0.8069585454
2352,0.8189153222
2353,0.6996907995
2354,0.7753067428
2355,0.7143314781
2356,0.8412824069
2357,0.805905555
2358,0.6486388419
2359,0.6514534417
2360,0.8805317068
2361,0.6543806379
2362,0.7758906794
2363,0.9061015741
2364,0.8537610453
2365,0.787153568
2366,0.6395948313
2367,0.677526135
2368,0.6606454586
2369,0.8898123059
2370,0.6985270684
2371,0.6971835121
2372,0.7561672178
2373,0.7773260012
2374,0.826601019
2375,0.7498611242
2376,0.7070562141
2377,0.810596318
2378,0.7897394725
2379,0.7989539951
2380,0.7344325983
2381,0.6777666197
2382,0.6420132177
2383,0.8586079575
2384,0.7188781685
2385,0.6815482804
2386,0.7074333394
2387,0.7290758726
2388,0.807574997
2389,0.7812561383
2390,0.7743869907
2391,0.7743869907
2392,0.6896714783
2393,0.7741249004
2394,0.8570701361
2395,0.7846824343
2396,0.6810837504
2397,0.740834486
2398,0.6724405668
2399,0.6836301055
2400,0.8517696965
2401,0.8517696965
2402,0.6824578591
2403,0.8498192613
2404,0.8498192613
2405,0.8478251613
2406,0.7526371024
2407,0.6359419536
2408,0.6335309865
2409,0.6335309865
2410,0.6887926415
2411,0.6850071101
2412,0.6850071101
2413,0.717460008
2414,0.7501440958
2415,0.7077062527
2416,0.6936259074
2417,0.6685628963
2418,0.7283543537
2419,0.6902877913
2420,0.6717887534
2421,0.7732364217
2422,0.7734892293
2423,0.7977240088
2424,0.6814567448
2425,0.6865082715
2426,0.7397020405
2427,0.7977114514
2428,0.8105881606
2429,0.6843875529
2430,0.6843875529
2431,0.7886939523
2432,0.6291949603
2433,0.7204341807
2434,0.6876739501
2435,0.6408747845
2436,0.6861548203
2437,0.6798598791
2438,0.6632792667
2439,0.6228473061
2440,0.8781921784
2441,0.7028384429
2442,0.7103542478
2443,0.6726912626
2444,0.685581804
2445,0.854795645
2446,0.8497471847
2447,0.6796329693
2448,0.7013830397
2449,0.7780424339
2450,0.7266708753
2451,0.7716456282
2452,0.7901380285
2453,0.6971874198
2454,0.6971874198
2455,0.7449380097
2456,0.7442263888
2457,0.7412486218
2458,0.7706556113
2459,0.8135384782
2460,0.70153828
2461,0.9138047444
2462,0.8198921323
2463,0.6683501292
2464,0.8554469068
2465,0.8383659878
2466,0.8581005847
2467,0.7613915364
2468,0.7350909009
2469,0.685849233
2470,0.685849233
2471,0.6275883819
2472,0.8613742967
2473,0.7773741114
2474,0.7275254721
2475,0.8064439068
2476,0.8059473141
2477,0.6782358962
2478,0.717278943
2479,0.7748867897
2480,0.8279458151
2481,0.7792977686
2482,0.7792977686
2483,0.7792977686
2484,0.711425117
2485,0.7551800987
2486,0.7615032849
2487,0.7878717246
2488,0.834424668
2489,0.8169652657
2490,0.7395507708
2491,0.8485255128
2492,0.6838139212
2493,0.6860100172
2494,0.6812019809
2495,0.7684871009
2496,589.0592421922
2497,0.7854839972
2498,0.7107822781
2499,0.7183036449
2500,0.7300771672
2501,0.6927583861
2502,0.8124611375
2503,0.7923273895
2504,0.7923273895
2505,0.7440981464
2506,0.8068787932
2507,0.7224501095
2508,0.7224501095
2509,0.8369723614
2510,0.8859263437
2511,0.7528214668
2512,0.7007031753
2513,0.7462243074
2514,0.778577971
2515,0.7140970996
2516,0.7204734376
2517,0.7204734376
2518,0.7600585622
2519,0.7021916769
2520,0.617724378
2521,0.7041285464
2522,0.6597952797
2523,0.7056482822
2524,0.699825645
2525,0.7083807974
2526,0.7890906119
2527,0.6393499505
2528,0.8687724878
2529,0.8735365221
2530,0.873236114
2531,0.8185916627
2532,0.8410561111
2533,0.6233027463
2534,0.6233027463
2535,0.7330166144
2536,0.7829680559
2537,0.6941100225
2538,0.6852668584
2539,0.8529363469
2540,0.6235687407
2541,0.6753776583
2542,0.7500246725
2543,0.7748912113
2544,0.8467180144
2545,0.6711864054
2546,0.7216589677
2547,0.7069858444
2548,0.7837397597
2549,0.808440865
2550,0.8047057247
2551,0.6782970477
2552,0.7388802866
2553,0.7054378246
2554,0.7090413457
2555,0.71848853
2556,0.7450223769
2557,0.6857962303
2558,0.7945872509
2559,0.7911348671
2560,0.8052965015
2561,0.7374010806
2562,0.7009836063
2563,0.7955135093
2564,0.7955135093
2565,0.8442899997
2566,0.693698984
2567,0.6967069633
2568,0.6967069633
2569,0.6967069633
2570,0.8734223968
2571,0.7451208998
2572,0.8396411469
2573,0.6615354595
2574,0.8074679368
2575,0.6804244954
2576,0.7850828328
2577,0.6972039951
2578,0.6972039951
2579,0.7626008533
2580,0.7939108576
2581,0.7939108576
2582,0.7247224406
2583,0.7045989308
2584,0.7131013802
2585,0.789390405
2586,0.6229875981
2587,0.7959269305
2588,0.7547421015
2589,0.7327554932
2590,0.6986461592
2591,0.6986461592
2592,0.6320023598
2593,0.7650733211
2594,0.8520524174
2595,0.6361227642
2596,0.7511010449
2597,0.6087797839
2598,0.656120318
2599,0.7708827551
2600,0.6975138503
2601,0.8599999035
2602,0.6566461763
2603,0.7134048195
2604,0.781042621
2605,0.6887689836
2606,0.6786039158
2607,0.8871106228
2608,0.7065648001
2609,0.8121962817
2610,0.7888664594
2611,0.6429017302
2612,0.8779679143
2613,0.7186413781
2614,0.6192360987
2615,0.6192360987
2616,0.7143966701
2617,0.7143966701
2618,0.8826603155
2619,0.6732972533
2620,0.6601668301
2621,0.8422318457
2622,0.7919979492
2623,0.8293923531
2624,0.7015871167
2625,0.7739058558
2626,0.7483598981
2627,0.7483598981
2628,0.7314212146
2629,0.7794203664
2630,0.7199877485
2631,0.7199877485
2632,0.820136064
2633,0.7904429153
2634,0.7133811871
2635,0.7837561664
2636,0.8232328489
2637,0.8232328489
2638,0.7257831677
2639,0.7590626355
2640,0.6383503874
2641,0.8613181884
2642,0.6961926557
2643,0.6819775288
2644,0.6819775288
2645,0.803308773
2646,0.7804414309
2647,0.7350543449
2648,0.7392050939
2649,0.6878386993
2650,0.6800656753
2651,0.8940502485
2652,0.5939910148
2653,0.6540240295
2654,0.6696488344
2655,0.6437788037
2656,0.6786496176
2657,0.8042795511
2658,0.7208055795
2659,0.7828229769
2660,0.6851291306
2661,0.7217719635
2662,0.6718947313
2663,0.8743405987
2664,0.6170640935
2665,0.7273531256
2666,0.6591155527
2667,0.7529423903
2668,0.7824193245
2669,0.7722384679
2670,0.7721114338
2671,0.7571709572
2672,0.7848182303
2673,0.7867795265
2674,0.6616651132
2675,0.7510688278
2676,0.662113726
2677,0.8263204324
2678,0.673829947
2679,0.7559609567
2680,0.7931717658
2681,0.6967134562
2682,0.6605030196
2683,0.8159814282
2684,0.7230979333
2685,0.752098579
2686,0.8161936234
2687,0.8124505833
2688,0.8375285585
2689,0.82787389
2690,0.8566691795
2691,0.696387971
2692,0.7977665869
2693,0.7016992368
2694,0.6817903081
2695,0.8044100713
2696,0.7763393743
2697,0.6975407893
2698,0.7650994512
2699,0.8187940412
2700,0.6073655336
2701,0.7765063684
2702,0.8091388673
2703,0.6129936177
2704,0.7053574438
2705,0.8611670465
2706,0.7941639818
2707,0.6966786657
2708,0.6243855784
2709,0.7328053823
2710,0.7144635098
2711,0.6762574306
2712,0.7438166608
2713,0.7094339279
2714,0.7094339279
2715,0.8832519879
2716,0.8493969923
2717,0.8673089451
2718,0.7601724486
2719,0.8006119754
2720,0.7055404916
2721,0.6975122162
2722,0.6975122162
2723,0.7647908359
2724,0.6220789851
2725,0.7276570029
2726,0.6727724806
2727,0.8009104061
2728,0.7348815001
2729,0.853438982
2730,0.7881395819
2731,0.7494347085
2732,0.7213619603
2733,0.7568456186
2734,0.6969307576
2735,0.6969307576
2736,0.755943684
2737,0.8024750901
2738,0.6482378619
2739,0.7762377197
2740,0.8012190108
2741,0.7438254654
2742,0.7604428546
2743,0.8399212536
2744,0.7274280402
2745,0.7216929761
2746,0.7082956831
2747,0.6237862106
2748,0.7712012957
2749,0.7479591652
2750,0.6418015647
2751,0.8578607565
2752,0.8081678594
2753,0.6751235782
2754,0.7653450576
2755,0.7721807896
2756,0.7721807896
2757,0.6323244422
2758,0.7859945558
2759,0.7907576028
2760,0.8603278901
2761,0.7534385705
2762,0.8314522882
2763,0.7740959026
2764,0.6702022481
2765,0.7768800557
2766,0.8895210977
2767,0.8533472066
2768,0.7035557474
2769,0.7696861338
2770,0.8162605968
2771,0.8038747409
2772,0.8729473736
2773,0.6719325438
2774,0.7430327214
2775,0.689245304
2776,0.6955481442
2777,0.7407986761
2778,0.799458066
2779,0.8177642349
2780,0.7964023225
2781,0.7582589792
2782,0.6614059932
2783,0.844641423
2784,0.6961867728
2785,0.7461818989
2786,0.8480015136
2787,0.7869475536
2788,0.683793651
2789,0.683793651
2790,0.7109768508
2791,0.8000433301
2792,0.7483435967
2793,0.8811133487
2794,0.6634961543
2795,0.6696754461
2796,0.707211072
2797,0.6947762935
2798,0.7733599141
2799,0.8482961175
2800,0.7413316674
2801,0.7368477
2802,0.8328588227
2803,0.8607995268
2804,0.6614426467
2805,0.7335086183
2806,0.8049486668
2807,0.7843937389
2808,0.771827704
2809,0.8171398242
2810,0.8454816016
2811,0.6592018904
2812,0.6575850937
2813,0.7077932846
2814,0.7077932846
2815,0.7248332765
2816,0.7248332765
2817,0.7216507638
2818,0.7960037439
2819,0.7157882006
2820,0.6670836457
2821,0.6462970205
2822,0.7546093898
2823,0.7152444694
2824,0.6597647325
2825,0.8238968977
2826,0.7517814442
2827,0.7482163934
2828,0.6362349001
2829,0.7714767625
2830,0.7714767625
2831,0.6954955604
2832,0.6989106662
2833,0.765920272
2834,0.6757636679
2835,0.8605866827
2836,0.7283561002
2837,0.644708644
2838,0.644708644
2839,0.7911926322
2840,0.7043604054
2841,0.7889522505
2842,0.7009768368
2843,0.7397629761
2844,0.6664676652
2845,0.6664676652
2846,0.7663795548
2847,0.8735129935
2848,0.7350917525
2849,0.8340049592
2850,0.6497327057
2851,0.724450266
2852,0.8027653092
2853,0.7418330397
2854,0.7196403389
2855,0.715324887
2856,0.7449259747
2857,0.6745516554
2858,0.7201343792
2859,0.8365404542
2860,0.6151257807
2861,0.8046370962
2862,0.8124041818
2863,0.8607134709
2864,0.7309044684
2865,0.8164241841
2866,0.8192575078
2867,0.8339597783
2868,0.6038898464
2869,0.6577009344
2870,0.7611198844
2871,0.8944540679
2872,0.7028377572
2873,0.8805596261
2874,0.8805596261
2875,0.7004254964
2876,0.8117134899
2877,0.8676926597
2878,0.8247242583
2879,0.7178501048
2880,0.6987868452
2881,0.7277922968
2882,0.7933761422
2883,0.5895774911
2884,0.699156934
2885,0.6794833204
2886,0.884389136
2887,0.642019347
2888,0.6668811283
2889,0.6075973499
2890,0.8271052252
2891,0.6691007819
2892,0.878969094
2893,0.8597228023
2894,0.7327545501
2895,0.7327545501
2896,0.6981913187
2897,0.7869182538
2898,0.8841346925
2899,0.823330473
2900,0.7883714671
2901,0.6840474018
2902,0.7869233705
2903,0.7950097732
2904,0.7061828552
2905,0.8313267937
2906,0.8079760879
2907,0.8476049266
2908,0.6808183995
2909,0.8074383701
2910,0.7000140717
2911,0.8528745085
2912,0.7883181363
2913,0.7351716312
2914,0.6787469691
2915,0.7249157643
2916,0.8384699616
2917,0.7947513208
2918,0.7827563416
2919,0.6791599347
2920,0.6930081175
2921,0.6443807738
2922,0.7353036524
2923,0.7937015499
2924,0.8105516663
2925,0.791485067
2926,0.7767356662
2927,0.7036442888
2928,0.8285557334
2929,0.8041419409
2930,0.8071198689
2931,0.7883800867
2932,0.7226635231
2933,0.8326155993
2934,0.7430264993
2935,0.6716281934
2936,0.7480039354
2937,0.7997652208
2938,0.7997652208
2939,0.7517917957
2940,0.6724570454
2941,0.6724570454
2942,0.7167924366
2943,0.853762895
2944,0.7246273449
2945,5.4969923908
2946,0.6832354546
2947,0.8552990182
2948,0.7635845381
2949,0.7923289851
2950,0.7710809445
2951,0.8365748301
2952,0.8447759024
2953,0.7550345059
2954,0.90583103
2955,0.7952832579
2956,0.6222447971
2957,0.785699715
2958,0.7686585801
2959,0.7549966661
2960,0.7580668239
2961,0.7527298911
2962,0.7527298911
2963,0.7413113794
2964,0.7250313314
2965,0.8598389376
2966,0.761954752
2967,0.7739104605
2968,0.810473455
2969,0.6868764369
2970,0.7211845543
2971,0.7705667196
2972,0.8202737025
2973,0.7201710512
2974,0.7466725788
2975,0.8174737413
2976,0.6586197594
2977,0.7621970185
2978,0.6373978001
2979,0.7095949576
2980,0.844312993
2981,0.7045079052
2982,0.6812446752
2983,0.7259870474
2984,0.6833902731
2985,0.8613898715
2986,0.7371597974
2987,0.8046116726
2988,0.6548493368
2989,0.725202215
2990,0.7230739508
2991,0.7809029892
2992,0.7997768724
2993,0.8884045007
2994,0.7795264509
2995,0.7578161315
2996,0.7647172335
2997,0.7945674188
2998,0.6994481289
2999,0.6601716274
3000,0.8509076247
3001,0.7079312917
3002,0.7795962179
3003,0.8482811074
3004,0.8627200827
3005,0.8627200827
3006,0.8429051847
3007,0.7845894591
3008,0.7845894591
3009,0.8218839919
3010,0.8022966024
3011,0.6715839304
3012,0.7452306348
3013,0.7095075437
3014,0.8331440954
3015,0.8331440954
3016,0.8019629152
3017,0.7256602316
3018,0.7566659219
3019,0.7566659219
3020,0.6958705927
3021,0.7123603939
3022,0.7324770793
3023,0.8136050194
3024,0.8423360078
3025,0.6726460603
3026,0.8421561534
3027,0.6877594677
3028,0.7167576817
3029,0.8471396473
3030,0.7785203287
3031,0.6299626473
3032,0.7756354283
3033,0.6409079267
3034,0.8954872822
3035,0.8611298072
3036,0.7029639517
3037,0.643014531
3038,0.7131187421
3039,0.8298173873
3040,0.8143083345
3041,0.7688899525
3042,0.8644226472
3043,0.596014929
3044,0.8028015194
3045,0.6835637626
3046,0.6737333443
3047,0.6052600893
3048,0.7669979371
3049,0.7973411162
3050,0.6483477506
3051,0.8633646274
3052,0.7738626229
3053,0.6640744859
3054,0.8753258391
3055,0.8753258391
3056,0.8596725802
3057,0.8084710415
3058,0.7629308397
3059,0.6885507946
3060,0.8712665417
3061,0.7778985607
3062,0.717587076
3063,0.8359905837
3064,0.7669663468
3065,0.7198576577
3066,0.7198576577
3067,0.7900871435
3068,0.7463695317
3069,0.7546626598
3070,0.7640527716
3071,0.7924947803
3072,0.8400439044
3073,0.8151581014
3074,0.7112263506
3075,0.760827323
3076,0.765497917
3077,0.6621521414
3078,0.764436688
3079,0.6471125061
3080,0.7578060891
3081,0.6856522067
3082,0.8128796275
3083,1.8906396214
3084,0.7917003442
3085,0.7917003442
3086,0.7011621375
3087,0.7011621375
3088,0.6457385488
3089,0.8587315693
3090,0.8987443254
3091,0.7592770774
3092,0.8035350015
3093,0.8047455806
3094,0.7167777807
3095,0.7143969242
3096,0.7143969242
3097,0.7069483066
3098,0.6949555248
3099,0.7834991875
3100,0.7030442218
3101,0.8554142463
3102,0.8554142463
3103,0.8294108761
3104,0.7531894911
3105,0.6744035517
3106,0.7088226395
3107,0.7203433074
3108,0.8472674414
3109,0.7918123174
3110,0.8530622602
3111,0.7417797934
3112,0.766153002
3113,0.7947009393
3114,0.8821715105
3115,0.8821715105
3116,0.818695393
3117,0.7621347644
3118,0.8560308144
3119,0.8018897597
3120,0.8360737893
3121,0.7977886547
3122,0.790150209
3123,0.7538097553
3124,0.8528274983
3125,0.7557427569
3126,0.7557427569
3127,0.6628405417
3128,0.8147302705
3129,0.8147302705
3130,0.8176946183
3131,0.7614774899
3132,0.7494678631
3133,0.671117594
3134,0.7671637325
3135,0.6425845671
3136,0.807522071
3137,0.7966216607
3138,0.754719055
3139,0.7078017742
3140,0.7066343911
3141,0.8044124673
3142,0.7011897247
3143,0.7011897247
3144,0.6694219097
3145,0.8044369837
3146,0.8044369837
3147,0.6706954126
3148,0.7889616076
3149,0.7889616076
3150,0.7228868236
3151,0.7228868236
3152,0.7017658739
3153,0.8089085931
3154,0.6841479001
3155,0.7899020528
3156,0.6270934008
3157,0.7592732979
3158,0.7938974965
3159,0.7616827354
3160,0.7071367424
3161,0.7824456259
3162,0.7215212119
3163,0.8429172987
3164,0.6275512409
3165,0.7506319892
3166,0.8762069945
3167,0.7311749661
3168,0.7311749661
3169,0.8691585994
3170,0.8758533139
3171,0.7131732355
3172,0.7603067844
3173,0.7399350678
3174,0.7446412008
3175,0.8464697795
3176,0.781268882
3177,0.6525330079
3178,0.8451133755
3179,0.8451133755
3180,0.8701436798
3181,0.5989176
3182,0.7289449664
3183,0.6748627741
3184,0.6561810201
3185,0.7434269352
3186,0.7807577914
3187,0.8056355954
3188,0.8224307031
3189,0.7972182249
3190,0.7955100294
3191,0.6630105867
3192,0.7261667449
3193,0.6873177043
3194,0.8011031151
3195,0.8260037393
3196,0.7403725615
3197,0.7554194496
3198,0.7700074921
3199,0.8235957172
3200,0.8072463085
3201,0.7691236756
3202,0.7259764505
3203,0.742350042
3204,0.8745639727
3205,0.7951971616
3206,0.7315060113
3207,0.863976291
3208,0.6756671413
3209,0.6919302611
3210,0.7020176033
3211,0.8802288332
3212,0.7151347556
3213,0.7473055481
3214,0.757221025
3215,0.8633601209
3216,0.7456451558
3217,0.7515084124
3218,0.876316893
3219,0.7298850963
3220,0.6968722985
3221,0.6282511498
3222,0.7104001832
3223,0.9027462416
3224,0.7196707394
3225,0.7506241684
3226,0.8834754513
3227,0.7467244366
3228,0.7467244366
3229,0.7842849481
3230,0.7842849481
3231,0.5939731752
3232,0.7270464878
3233,0.8280206011
3234,0.8052565257
3235,0.6504930596
3236,0.7121415903
3237,0.7684666706
3238,0.7684666706
3239,0.8723996028
3240,0.658000909
3241,0.660311742
3242,0.6875623396
3243,0.6923363038
3244,0.8414840616
3245,0.8527877197
3246,0.7173283615
3247,0.7025813307
3248,0.7252027285
3249,0.5452124591
3250,0.5452124591
3251,0.5452124591
3252,0.822964885
3253,0.6972983652
3254,0.8391605442
3255,0.8391605442
3256,0.6662887759
3257,0.7906597836
3258,0.6456576024
3259,0.839674181
3260,0.6898458648
3261,0.85449817
3262,0.7695707681
3263,0.7169650339
3264,0.795069502
3265,0.6963729163
3266,0.6658113189
3267,0.8736972442
3268,0.8939975013
3269,0.803281498
3270,0.7571538549
3271,0.7609483225
3272,0.7609483225
3273,0.8367542941
3274,0.6581700351
3275,0.748665914
3276,0.718197736
3277,0.7808137233
3278,0.8315481474
3279,0.7519523044
3280,0.8030844969
3281,0.8007607203
3282,0.7682781549
3283,0.7682781549
3284,0.7713050019
3285,0.7555399677
3286,0.7555399677
3287,0.8380995432
3288,0.8844846917
3289,0.8188578855
3290,0.8705550823
3291,0.8705550823
3292,0.7636523555
3293,0.6936809489
3294,0.8114447764
3295,0.8114447764
3296,0.8221997709
3297,0.84130558
3298,0.650784567
3299,0.8264834217
3300,0.8264834217
3301,0.7554783105
3302,0.7332027059
3303,0.8045025619
3304,0.8293272274
3305,0.6465361071
3306,0.7785392482
3307,0.789484199
3308,0.7411184423
3309,0.7887457332
3310,0.7887457332
3311,0.638457651
3312,0.8322639722
3313,0.6151337382
3314,0.7942346107
3315,0.7718760407
3316,0.7620748192
3317,0.7620748192
3318,0.6674841444
3319,0.8756579107
3320,0.8286624242
3321,0.6782237514
3322,0.7101413993
3323,0.7503533795
3324,0.746703627
3325,0.7423152421
3326,0.86226178
3327,0.7487394045
3328,0.666594086
3329,0.666594086
3330,0.7727431047
3331,0.7727431047
3332,0.6392409587
3333,0.867612043
3334,0.6272414253
3335,0.7175639562
3336,0.8832212711
3337,0.7567802107
3338,0.7567802107
3339,0.738997477
3340,0.7578165093
3341,0.7026600849
3342,0.6853526321
3343,0.8749703171
3344,0.8247300254
3345,0.6214002455
3346,0.6807193519
3347,0.6807193519
3348,0.8093401796
3349,0.7635872118
3350,0.7904419431
3351,0.791366808
3352,0.8372802694
3353,0.6939974428
3354,0.7808131394
3355,0.6337707107
3356,0.7848176837
3357,0.6563199061
3358,0.7171324557
3359,0.6801268979
3360,0.7673595814
3361,0.8017915594
3362,0.762792187
3363,0.7699031488
3364,0.8833028622
3365,0.7877777647
3366,0.6401925177
3367,0.6896350172
3368,0.7187447702
3369,0.7972076489
3370,0.7972076489
3371,0.8798721367
3372,0.6474225661
3373,0.8619393474
3374,0.5950123365
3375,0.6723879113
3376,0.7388515794
3377,0.6976722143
3378,0.8361540633
3379,0.8631930674
3380,0.8008620234
3381,0.7679505797
3382,0.8005505467
3383,0.8152164006
3384,0.7269833264
3385,0.7606099462
3386,0.787008264
3387,0.8242341215
3388,0.767803054
3389,0.6887807835
3390,0.6887807835
3391,0.8758141098
3392,0.7133958743
3393,0.795739864
3394,0.7900359649
3395,0.8205757109
3396,0.6552523386
3397,0.8707257435
3398,0.8214151883
3399,0.8214151883
3400,0.8919695099
3401,0.794990058
3402,0.7216571159
3403,0.8507295398
3404,0.6896717653
3405,0.8195272796
3406,0.7258367421
3407,0.7543776844
3408,0.7543776844
3409,0.7543776844
3410,0.7126648674
3411,0.7755628022
3412,0.8342058179
3413,0.7769720844
3414,0.8295497913
3415,0.8104595498
3416,0.6976818571
3417,0.677210799
3418,0.7945627709
3419,0.8281075361
3420,0.7854150806
3421,0.7419178073
3422,0.7529853909
3423,0.7684433159
3424,0.667128728
3425,0.8798158009
3426,0.8712632433
3427,0.8712632433
3428,0.785436819
3429,0.6269326934
3430,0.6893551439
3431,0.6969472108
3432,0.7340040657
3433,0.8285428069
3434,0.8117009344
3435,0.6872532096
3436,0.8365033464
3437,0.7450650105
3438,0.7629157758
3439,0.7815578238
3440,0.6723712996
3441,0.8519600884
3442,0.6374411286
3443,0.7800594568
3444,0.8883624543
3445,0.6141053571
3446,0.7515359788
3447,0.7324421907
3448,0.7950718737
3449,0.7608562404
3450,0.6870620894
3451,0.6870620894
3452,0.8140789055
3453,0.6170109948
3454,0.6901950846
3455,0.7071446436
3456,0.7649465121
3457,0.7649465121
3458,0.8344452785
3459,0.8292970369
3460,0.7949084164
3461,0.7514491605
3462,0.6397776508
3463,0.6397776508
3464,0.755339847
3465,0.6090391626
3466,0.7751711092
3467,0.8199691772
3468,0.678264885
3469,0.8005268047
3470,0.870805483
3471,0.7336062895
3472,0.7118267354
3473,0.7354917544
3474,0.7313121253
3475,0.7308208244
3476,0.7723905016
3477,0.7965040283
3478,0.6660541584
3479,0.7975738103
3480,0.7019506366
3481,0.8633233599
3482,0.6904735805
3483,0.9104548524
3484,0.901431485
3485,0.8505905882
3486,0.7789068834
3487,0.7490844589
3488,0.7751232968
3489,0.7499091472
3490,0.829905593
3491,0.8631403867
3492,0.7170931388
3493,0.7867988926
3494,0.6708030128
3495,0.8643341322
3496,0.7419771491
3497,0.8321067195
3498,0.803357372
3499,0.7188452552
3500,0.7494648172
3501,0.7513062317
3502,0.6537756235
3503,0.8493237994
3504,0.704244543
3505,0.8929630312
3506,0.7283521799
3507,0.7156275785
3508,0.7605457318
3509,0.8426982737
3510,0.7692298356
3511,0.622946372
3512,0.7806817399
3513,0.7252298029
3514,0.8006904855
3515,0.8059818725
3516,0.7403460972
3517,0.8238797023
3518,0.8734771033
3519,0.8734771033
3520,0.6753782541
3521,0.7504801
3522,0.8322479259
3523,0.8142887795
3524,0.8530867073
3525,0.82461694
3526,0.7523653817
3527,0.7694008815
3528,0.6278842306
3529,0.6042995195
3530,0.6042995195
3531,0.6042995195
3532,0.7070881914
3533,0.8127679074
3534,0.8064032923
3535,0.6780506223
3536,0.6349505968
3537,0.7223563318
3538,0.7223563318
3539,0.8032685729
3540,0.8933078202
3541,0.7981936139
3542,0.8285848924
3543,0.7330474395
3544,0.8120298603
3545,0.7811838808
3546,0.8181123831
3547,0.8181123831
3548,0.82652145
3549,0.7988357905
3550,0.8393072082
3551,0.7208597505
3552,0.8258566369
3553,0.7924088612
3554,0.8389969139
3555,0.8807918783
3556,0.7382199667
3557,0.7021326392
3558,0.711443572
3559,0.7506870805
3560,0.7380355626
3561,0.7917050838
3562,0.8303315359
3563,0.7740133751
3564,0.7031473991
3565,0.7566001775
3566,0.8474636808
3567,0.6614683387
3568,0.7686591834
3569,0.8511764487
3570,0.6664011014
3571,0.7342172793
3572,0.7475316673
3573,0.6666372571
3574,0.6756730415
3575,0.6369261209
3576,0.6938140761
3577,0.8329044266
3578,0.8781061804
3579,0.8750815407
3580,0.8283803969
3581,0.7672100987
3582,0.77930517
3583,0.6967670294
3584,0.7988513947
3585,0.7466900759
3586,0.8098108435
3587,0.7638683362
3588,0.6832210719
3589,0.6832210719
3590,0.6825147565
3591,0.837969757
3592,0.8443017314
3593,0.6648608738
3594,0.6828448529
3595,0.7941506114
3596,0.752069569
3597,0.736464208
3598,0.7538286987
3599,0.8577197423
3600,0.7515159155
3601,0.7172510965
3602,0.8145181077
3603,0.8145181077
3604,0.799950409
3605,0.6878437151
3606,0.7200000355
3607,0.6897424553
3608,0.8386148128
3609,0.7682832301
3610,0.7721751516
3611,0.7721751516
3612,0.822340364
3613,0.7119318639
3614,0.8651661446
3615,0.7286445366
3616,0.7286445366
3617,0.7286445366
3618,0.7849423507
3619,0.6940952769
3620,0.6116999121
3621,0.6606926825
3622,0.7611568916
3623,0.8255912943
3624,0.8255912943
3625,0.732064526
3626,0.7883674953
3627,0.70463605
3628,0.70463605
3629,0.6648674175
3630,0.6767238798
3631,0.7992190533
3632,0.6122328127
3633,0.7221816679
3634,0.7494528877
3635,0.6799721797
3636,0.677439791
3637,0.8852401484
3638,0.8140289714
3639,0.8325679541
3640,0.8325679541
3641,0.8325679541
3642,0.7995195424
3643,0.8939922301
3644,0.8939922301
3645,0.7064700346
3646,0.7035410885
3647,0.6590641861
3648,0.7285335935
3649,0.8475062488
3650,0.6464793123
3651,0.8107670306
3652,0.839270419
3653,0.6308851308
3654,0.8064757132
3655,0.7233397623
3656,0.84825037
3657,0.8838072566
3658,0.6405040977
3659,0.6776388438
3660,0.81319124
3661,0.8085691492
3662,0.7032851572
3663,0.8522693746
3664,0.8467483396
3665,0.8007317282
3666,0.8896992491
3667,0.8896992491
3668,0.8116926061
3669,0.6737568016
3670,0.6737568016
3671,0.7654469315
3672,0.7777576092
3673,0.7193376815
3674,0.7201916856
3675,0.862135387
3676,0.7194069993
3677,0.6735261445
3678,0.7898354043
3679,0.8840830281
3680,0.8656330557
3681,0.663945119
3682,0.6796073059
3683,0.7705167079
3684,0.6741883121
3685,0.8019003694
3686,0.8387739334
3687,0.7216423208
3688,0.8499737231
3689,0.7182859716
3690,0.8373412077
3691,0.694103357
3692,0.694103357
3693,0.7773736059
3694,0.8394129536
3695,0.8247007872
3696,0.6726054681
3697,0.6400727601
3698,0.7023140333
3699,0.7268414009
3700,0.7268414009
3701,0.7767195258
3702,0.8140610387
3703,0.7423488067
3704,0.7423488067
3705,0.7294888542
3706,0.7602794114
3707,0.6620116245
3708,0.6742727766
3709,0.8593736057
3710,0.7094710569
3711,0.7142457169
3712,0.8404187777
3713,0.6647633701
3714,0.8510058229
3715,0.6189738458
3716,0.8322111434
3717,0.8273475089
3718,0.7387728655
3719,0.790340457
3720,0.686472425
3721,0.7458604819
3722,0.7034490071
3723,0.8213816793
3724,0.7961792043
3725,0.7799297371
3726,0.8225770158
3727,0.7015470833
3728,0.7889600615
3729,0.754255514
3730,2.5508416325
3731,0.7860862804
3732,0.7543714188
3733,0.8264856824
3734,0.8264856824
3735,0.8264856824
3736,0.8908544499
3737,0.8112821898
3738,0.6491406467
3739,0.673423915
3740,0.673423915
3741,0.820347263
3742,0.7382186109
3743,0.8406944009
3744,0.8530791523
3745,0.8565010733
3746,0.6931446729
3747,0.7244755878
3748,0.770195997
3749,0.67411873
3750,0.67411873
3751,0.7519222586
3752,0.763864426
3753,0.8825883919
3754,0.8824610089
3755,0.7357303045
3756,0.7357303045
3757,0.7932546717
3758,0.6622856937
3759,0.7325361183
3760,0.7325361183
3761,0.7834818415
3762,0.7419337535
3763,0.7055850003
3764,0.7055850003
3765,0.6923855559
3766,0.6642008923
3767,0.7694842445
3768,0.7119063884
3769,0.9028443675
3770,0.8229463171
3771,0.8125221066
3772,0.694790654
3773,0.6882087465
3774,0.6289996592
3775,0.6392301367
3776,0.6457558723
3777,0.8782531893
3778,0.6449929116
3779,0.8457836907
3780,0.6713355819
3781,0.8290741523
3782,0.8290741523
3783,0.7518744667
3784,0.8955885123
3785,0.8654256487
3786,0.7053257244
3787,0.6964464733
3788,0.8337072396
3789,0.8112943369
3790,0.7350074445
3791,0.7741137384
3792,0.8358903612
3793,0.6966070119
3794,0.7307054222
3795,0.8254652221
3796,0.7823295978
3797,0.7865452788
3798,0.6169096648
3799,0.6897626531
3800,0.7856339328
3801,0.75917685
3802,0.8942242159
3803,0.6646173633
3804,0.7011296749
3805,0.7255950279
3806,0.7754776823
3807,0.741717312
3808,0.7661281514
3809,0.7732233319
3810,0.7712081341
3811,0.6895463331
3812,0.822742989
3813,0.822742989
3814,0.822742989
3815,0.8595925607
3816,0.8595925607
3817,0.8749441444
3818,0.7790574404
3819,0.7976290148
3820,0.7536339781
3821,0.6844199984
3822,0.7955429657
3823,0.7955429657
3824,0.7558638025
3825,0.6937830695
3826,0.681566728
3827,0.681566728
3828,0.7746713034
3829,0.8246374252
3830,0.8478026436
3831,0.7062826951
3832,0.6907111302
3833,0.5949511634
3834,0.6793223644
3835,0.8312213868
3836,0.7059434966
3837,0.8147380622
3838,0.7599032525
3839,0.8073253534
3840,0.75950951
3841,0.8059667033
3842,0.7064264586
3843,0.7175279101
3844,0.7203991183
3845,0.6681891483
3846,0.675026579
3847,0.7861766872
3848,0.7431577161
3849,0.7315462928
3850,0.7945252793
3851,0.8205695461
3852,0.8205695461
3853,0.7831936313
3854,0.7376579877
3855,0.6609519932
3856,0.7564745969
3857,0.8665918018
3858,0.8665918018
3859,0.6012125812
3860,0.886278984
3861,0.8059807045
3862,0.8059807045
3863,0.8409388377
3864,0.7360277181
3865,0.8807853202
3866,0.6772556098
3867,0.8398905191
3868,0.8379451604
3869,0.8151654742
3870,0.8402355368
3871,0.839471771
3872,0.6283313653
3873,0.6696484466
3874,0.85500262
3875,0.7333146522
3876,0.8712277579
3877,0.7673128419
3878,0.6815027992
3879,0.779005046
3880,0.7957214597
3881,0.7883191928
3882,0.6686738192
3883,0.8482200033
3884,0.6691899347
3885,0.8814155779
3886,0.7403528629
3887,0.8861796014
3888,0.7968118037
3889,0.8204146433
3890,0.8204146433
3891,0.7890250156
3892,0.6879923437
3893,0.7258569403
3894,0.8160846537
3895,0.7792162876
3896,0.7247583876
3897,0.8383553064
3898,0.7520497784
3899,0.7520497784
3900,0.6774837684
3901,0.8167541494
3902,0.7717257924
3903,0.687342421
3904,0.8502552095
3905,0.7090441126
3906,0.7970064699
3907,0.8644672854
3908,0.7835285671
3909,0.72904689
3910,0.8018295913
3911,0.7656503011
3912,0.7558955488
3913,0.8050037104
3914,0.766044451
3915,0.8146007026
3916,0.8630021439
3917,0.6455796561
3918,0.6455796561
3919,0.7935179775
3920,0.7234574777
3921,0.7234574777
3922,0.8540692854
3923,0.5945275857
3924,0.6531949576
3925,0.7170437758
3926,0.7931007411
3927,0.7379913835
3928,0.7379913835
3929,0.6700801236
3930,0.7622599921
3931,0.8943516681
3932,0.8607346764
3933,0.680332521
3934,0.8375828972
3935,0.691702554
3936,0.8575343381
3937,0.8490799996
3938,0.8419370093
3939,0.8510866223
3940,0.7015888134
3941,0.7336173638
3942,0.819997621
3943,0.723917724
3944,0.7432110163
3945,0.8125098041
3946,0.7751868072
3947,0.7081697946
3948,0.7572114126
3949,0.7418746056
3950,0.7194111773
3951,0.8382156293
3952,0.8379297039
3953,0.6521892025
3954,0.6452332558
3955,0.7663380081
3956,0.6632832994
3957,0.8667389592
3958,0.758024998
3959,0.8956539646
3960,0.7580693005
3961,0.7876970393
3962,0.8064356947
3963,0.7207695965
3964,0.848248944
3965,0.7508769517
3966,0.7135254516
3967,0.7524690837
3968,0.7684412544
3969,0.7198858647
3970,0.7988618857
3971,0.7988618857
3972,0.7648063168
3973,0.7634881
3974,0.8972155197
3975,0.6857342742
3976,0.6857342742
3977,0.7648678173
3978,0.7763506107
3979,0.6508045972
3980,0.7879685719
3981,0.849319341
3982,0.849319341
3983,0.7597750126
3984,0.9044159723
3985,0.9044159723
3986,0.6560950982
3987,0.7826394451
3988,0.8206822491
3989,0.7421687049
3990,0.8143907601
3991,0.8143907601
3992,0.7392630575
3993,0.832896346
3994,0.8164859679
3995,0.6565495334
3996,0.8878543417
3997,0.8379637646
3998,0.6403347981
3999,0.7394030807
4000,0.7725280231
4001,0.7945714915
4002,0.7803135902
4003,0.671428845
4004,0.7893129187
4005,0.825714148
4006,0.817774872
4007,0.6763378261
4008,0.7263260694
4009,0.8385839633
4010,0.7780384996
4011,0.8058088837
4012,0.8058088837
4013,0.8836611575
4014,0.7035831346
4015,0.6694736399
4016,0.7214640619
4017,0.7263056703
4018,0.7222130884
4019,0.8002854673
4020,0.7778436576
4021,0.7778436576
4022,0.7778436576
4023,0.8730650329
4024,0.7883537608
4025,0.7883537608
4026,0.8473380526
4027,0.8669943922
4028,0.81255344
4029,0.7395896266
4030,0.6868416394
4031,0.7403382342
4032,0.7888290896
4033,0.9060145009
4034,0.8261334747
4035,0.715987513
4036,0.8106067723
4037,0.7958135247
4038,0.817828786
4039,0.594543409
4040,0.7450211324
4041,0.8597501137
4042,0.7412525333
4043,0.6455166703
4044,0.7911585962
4045,0.8227689381
4046,0.6734036103
4047,0.7372404152
4048,0.7328567477
4049,0.7145768195
4050,0.6143493163
4051,0.783856574
4052,0.6712035551
4053,0.6563604374
4054,0.7666371823
4055,0.6991086071
4056,0.7737348274
4057,0.8108773323
4058,0.6808635919
4059,0.6824585034
4060,0.7733476129
4061,0.811376067
4062,0.6879922105
4063,0.7193905145
4064,0.8276530321
4065,0.8276530321
4066,0.8773319694
4067,0.8161980709
4068,0.6927916951
4069,0.6927916951
4070,0.8354957035
4071,0.761507688
4072,0.761507688
4073,0.6768069616
4074,0.6734492682
4075,0.7115897142
4076,0.8320566573
4077,0.8572571416
4078,0.8399810797
4079,0.8399810797
4080,0.7362204303
4081,0.7481359955
4082,0.6302248877
4083,0.8950017172
4084,0.7438805921
4085,0.7976932104
4086,0.7180111189
4087,0.662487989
4088,0.7217724532
4089,0.8570507221
4090,0.7801252505
4091,0.8979411631
4092,0.8711178392
4093,0.6322652704
4094,0.8562238248
4095,0.8625954418
4096,0.6666184851
4097,0.7092969715
4098,0.7006967984
4099,0.6993621124
4100,0.6485035371
4101,0.7801298836
4102,0.7112437038
4103,0.8600599212
4104,0.6514565697
4105,0.6634098795
4106,0.7671095386
4107,0.8195717739
4108,0.840185206
4109,0.5765832432
4110,0.7376342581
4111,0.7419062386
4112,0.7384302821
4113,0.6931550676
4114,0.7880720549
4115,0.8559068737
4116,0.7837843791
4117,0.6596250008
4118,0.722926106
4119,0.7818673342
4120,0.7040697473
4121,0.8283174486
4122,0.7005009898
4123,5.9940352538
4124,0.7803645752
4125,0.7803645752
4126,0.7924030218
4127,0.8733949623
4128,0.6808260482
4129,0.7625836408
4130,0.8522604717
4131,0.7048388438
4132,0.7715174724
4133,0.813577978
4134,0.7614443189
4135,0.7758798821
4136,0.7758798821
4137,0.7919543151
4138,0.7324876684
4139,0.7148403848
4140,0.7227185859
4141,0.8256016908
4142,0.8717297282
4143,0.6352347612
4144,0.6485499634
4145,0.6481692988
4146,0.7353701463
4147,0.7353701463
4148,0.7471446801
4149,0.774218912
4150,0.653122987
4151,0.8051099158
4152,0.7663754666
4153,0.7663754666
4154,0.5890193577
4155,0.862546765
4156,0.8877682871
4157,0.8877682871
4158,0.7235833119
4159,0.6874247295
4160,0.6908820754
4161,0.8187923627
4162,0.8187923627
4163,0.690645119
4164,0.7016887707
4165,0.8130795924
4166,0.6975946752
4167,0.6381709781
4168,0.6271036956
4169,0.744701217
4170,0.7962512136
4171,0.6125908441
4172,0.6518160466
4173,0.8863406581
4174,0.6996534618
4175,0.8837701331
4176,0.6695805046
4177,0.7104928679
4178,0.8124979428
4179,0.7078489668
4180,0.7078489668
4181,0.6571014593
4182,0.7414572443
4183,0.697730271
4184,0.8493784591
4185,0.7664812349
4186,0.8019248519
4187,0.8019248519
4188,0.8630344528
4189,0.7302047956
4190,0.7302047956
4191,0.8768903645
4192,0.833894998
4193,0.7465244891
4194,0.7451978045
4195,0.6435843257
4196,0.7063934461
4197,0.8679159617
4198,0.8525922152
4199,0.7190429761
4200,0.6923687218
4201,0.6801192046
4202,0.7949052607
4203,0.7392977717
4204,0.6106477716
4205,0.7302739356
4206,0.8557936293
4207,0.8804106354
4208,0.8263126375
4209,0.8263126375
4210,0.7083645282
4211,0.7559947191
4212,0.8739843108
4213,0.7744977969
4214,0.8327028266
4215,0.7332110219
4216,0.7373681319
4217,0.7445196457
4218,0.7020995025
4219,0.7135834511
4220,0.8118273422
4221,0.8486071853
4222,0.7047812793
4223,0.7935503111
4224,0.700117386
4225,0.8724889713
4226,0.7535422993
4227,0.8784769768
4228,0.8136505022
4229,0.7807357714
4230,0.7990059189
4231,0.7300597341
4232,0.7415476903
4233,0.7822676612
4234,0.7318389626
4235,0.6679607096
4236,0.6861807827
4237,0.8265207571
4238,0.7368033979
4239,0.7556156687
4240,0.6399701638
4241,0.8348282111
4242,0.7536481787
4243,0.6854570641
4244,0.6509004776
4245,0.7394765443
4246,0.7831336859
4247,0.703250016
4248,0.6503919725
4249,0.6585367547
4250,0.7056669634
4251,0.7257076913
4252,0.7131564773
4253,0.7116586366
4254,0.8596561267
4255,0.7783408524
4256,0.8842786237
4257,0.8261517273
4258,0.8261517273
4259,0.812429983
4260,0.769813941
4261,0.6211518116
4262,0.7986287804
4263,0.7986287804
4264,0.8990266446
4265,0.8321357053
4266,0.8204576497
4267,0.8474753267
4268,0.747510431
4269,0.6841526391
4270,0.7979217666
4271,0.8246933108
4272,0.751702619
4273,0.7825161059
4274,0.7033858727
4275,0.7033858727
4276,0.79323282
4277,0.7466375982
4278,0.6570705325
4279,0.8116808265
4280,0.8270377442
4281,0.8826806147
4282,0.8264985464
4283,0.7269311799
4284,0.8788553937
4285,0.7009869947
4286,0.7809191899
4287,0.7753466203
4288,0.8145552717
4289,0.7331934546
4290,0.7414670723
4291,0.7414670723
4292,0.7414670723
4293,0.8587160141
4294,0.661679389
4295,0.6747460335
4296,0.7716543369
4297,0.7896389341
4298,0.7277384148
4299,0.875234194
4300,0.8551060708
4301,0.7654031165
4302,0.7728441131
4303,0.8097466075
4304,0.7189755792
4305,0.722333889
4306,0.7806284894
4307,0.823520491
4308,0.7959231453
4309,0.7400351822
4310,0.874093872
4311,0.874093872
4312,0.6474664759
4313,0.7185581549
4314,0.8026846494
4315,0.8596081411
4316,0.7190500714
4317,0.6696267862
4318,0.6777562299
4319,0.7305805476
4320,0.6783322391
4321,0.6634504656
4322,0.7936450946
4323,0.5940663016
4324,0.6729759536
4325,0.7096526106
4326,0.8625774435
4327,0.8625774435
4328,0.6642801899
4329,0.788286439
4330,0.8547819996
4331,0.6420550321
4332,0.6872726486
4333,0.7886027107
4334,0.8688052049
4335,0.8539592624
4336,0.6678972119
4337,0.824987955
4338,0.7909772065
4339,0.8221240484
4340,0.6927015
4341,0.6927015
4342,0.6450329229
4343,0.7180127071
4344,0.6801698871
4345,0.8947855669
4346,0.7545561598
4347,0.8238400836
4348,0.6335938738
4349,0.8347912053
4350,0.8329681034
4351,0.8329681034
4352,0.7740174817
4353,0.8334876549
4354,0.6943348427
4355,0.6993329086
4356,0.7263102663
4357,0.7680228694
4358,0.8028316984
4359,0.8100909862
4360,0.6524467782
4361,0.7076452423
4362,0.6808555221
4363,0.6730203874
4364,0.8232201506
4365,0.8232201506
4366,0.7913646559
4367,0.8562747796
4368,0.6891787707
4369,0.7542613078
4370,0.8240066979
4371,0.6719295484
4372,0.8304582586
4373,0.8982633699
4374,0.8497308722
4375,0.7682236453
4376,0.7561784089
4377,0.7889939625
4378,0.7543093378
4379,0.8796295307
4380,0.750617968
4381,0.8599371012
4382,0.8979894372
4383,0.6795407909
4384,0.8205327735
4385,0.7326410199
4386,0.7980650813
4387,0.7733998311
4388,0.8409684178
4389,0.6710464212
4390,0.8782190091
4391,0.7434859002
4392,0.6973798922
4393,0.8690806749
4394,0.8435812614
4395,0.7974534618
4396,0.6808056173
4397,0.7402102999
4398,0.7402102999
4399,0.7164076836
4400,0.8239781429
4401,0.745025975
4402,0.8317444611
4403,0.6827097334
4404,0.8645646605
4405,0.7308558759
4406,0.7614480948
4407,0.6052572609
4408,0.6603031141
4409,0.7596063667
4410,0.7724519325
4411,0.6607191865
4412,0.6810568159
4413,0.6786224437
4414,0.6786224437
4415,0.743601962
4416,0.743601962
4417,0.7091877263
4418,0.6965534858
4419,0.6774131782
4420,0.7915964155
4421,0.6740552695
4422,0.772398398
4423,0.839130827
4424,0.747804653
4425,0.7415883954
4426,0.8737548775
4427,0.8529839872
4428,0.7381089994
4429,0.655242693
4430,0.8324649474
4431,0.7045054968
4432,0.7557041453
4433,0.7557041453
4434,0.7025409921
4435,0.8558967437
4436,0.8558967437
4437,0.7288289073
4438,0.8520495923
4439,0.6075588549
4440,0.6843045278
4441,0.7533363183
4442,0.876230583
4443,0.6882922233
4444,0.7264007654
4445,0.6968957439
4446,0.6446872459
4447,0.7511310715
4448,0.9017406183
4449,0.8182505045
4450,0.6671586469
4451,0.757324119
4452,0.8600420468
4453,0.6847556049
4454,0.8565459771
4455,0.7915737645
4456,0.7915737645
4457,0.6446308606
4458,0.6806858943
4459,0.646366987
4460,0.7763067198
4461,0.7951373256
4462,0.8138095468
4463,0.6639402924
4464,0.7432841869
4465,0.7769900883
4466,0.6273855691
4467,0.8243577286
4468,0.8243577286
4469,0.8166220189
4470,0.8759636414
4471,0.7117439754
4472,0.7545956353
4473,0.7308090441
4474,0.8175965083
4475,0.7843608797
4476,0.7578877099
4477,0.688846904
4478,0.7980787731
4479,0.7493831618
4480,0.7513597708
4481,0.7271187981
4482,0.7271865388
4483,0.7271865388
4484,0.8269053073
4485,0.7574748384
4486,0.7314278004
4487,0.8060627657
4488,0.7573006698
4489,0.7331277375
4490,0.74406062
4491,0.5895573405
4492,0.791713634
4493,0.7996964612
4494,0.762929344
4495,0.7563594546
4496,0.7563594546
4497,0.7115200676
4498,0.7463666321
4499,0.7219569375
4500,0.6409420334
4501,0.6735959756
4502,0.7499050938
4503,0.7674453178
4504,0.7892413391
4505,0.7387716377
4506,0.7387716377
4507,0.7816037018
4508,0.7201923485
4509,0.7201923485
4510,0.7670943014
4511,0.8710948835
4512,0.637089421
4513,0.8676008183
4514,0.7029538591
4515,0.838104777
4516,0.8218389431
4517,0.7125346183
4518,0.7668988624
4519,0.6712487908
4520,0.7782112267
4521,0.8781319527
4522,0.757230342
4523,0.8341955016
4524,0.8800956412
4525,0.8800956412
4526,0.7840844229
4527,0.8618885805
4528,0.8618885805
4529,0.8461149149
4530,0.8567266982
4531,0.7354192132
4532,0.660072233
4533,0.8363109798
4534,0.6552579367
4535,0.6785119582
4536,0.8238672927
4537,0.6349053968
4538,0.6349053968
4539,0.6658405156
4540,0.6658405156
4541,0.8012027435
4542,0.6889271173
4543,0.8583028342
4544,0.6949977018
4545,0.7629737586
4546,0.8801734115
4547,0.7161756721
4548,0.7533418958
4549,0.8259593122
4550,0.7920190798
4551,0.7920190798
4552,0.7849651653
4553,0.693676766
4554,0.8611762502
4555,0.7157407336
4556,0.7157407336
4557,0.7958629346
4558,0.7958629346
4559,0.8094466875
4560,0.653531444
4561,0.808776629
4562,0.8482424902
4563,0.7043299998
4564,0.6711473967
4565,0.629918177
4566,0.629918177
4567,0.654022123
4568,0.7529912477
4569,0.7529912477
4570,0.7726550872
4571,0.8020322264
4572,0.6806945954
4573,0.6660990965
4574,0.7136493637
4575,0.6753043047
4576,0.8898539802
4577,0.886122578
4578,0.703690837
4579,0.7357611641
4580,0.8166899114
4581,0.782499792
4582,0.8890103935
4583,0.7764055345
4584,0.7458748516
4585,0.7703430303
4586,0.7337771134
4587,0.7337771134
4588,0.8504117003
4589,0.8504117003
4590,0.7442839509
4591,0.7442839509
4592,0.7442839509
4593,0.7025491185
4594,0.7726330296
4595,0.7497152145
4596,0.7925312427
4597,0.7977385692
4598,0.873861304
4599,0.6754380134
4600,0.8311019731
4601,0.7118381359
4602,0.8813816115
4603,0.7472760753
4604,0.7455029411
4605,0.6905379692
4606,0.8504427597
4607,0.7923734952
4608,0.6755334846
4609,0.7742882405
4610,0.6743647316
4611,0.7205140707
4612,0.8235762891
4613,0.8235762891
4614,0.8167843823
4615,0.7241413683
4616,0.8108901821
4617,0.8235361577
4618,0.7664831228
4619,0.6626919242
4620,0.658723139
4621,0.7097674506
4622,0.7899797875
4623,0.6549773226
4624,0.839746212
4625,0.6772162864
4626,0.7590132463
4627,0.8571017283
4628,0.7658467941
4629,0.8364582347
4630,0.8364582347
4631,0.7152360624
4632,0.7817621134
4633,0.6918571092
4634,0.6776237996
4635,0.7672350489
4636,0.7353962304
4637,0.8288359249
4638,0.7382868531
4639,0.7193405352
4640,0.7817365037
4641,0.7566285252
4642,0.7843384474
4643,0.6767903377
4644,0.7773768364
4645,0.7999389933
4646,0.83451717
4647,0.801560562
4648,0.8480012247
4649,0.7440806023
4650,0.6904664528
4651,0.6809543954
4652,0.7916656154
4653,0.6305669101
4654,0.7517892926
4655,0.6929302744
4656,0.7059733933
4657,0.7676074488
4658,0.7676074488
4659,0.6281380567
4660,0.7655370989
4661,0.6887704895
4662,0.6981861805
4663,0.7089237897
4664,0.6702958427
4665,0.7474710209
4666,0.8458460414
4667,0.8724907734
4668,0.6762194889
4669,0.8508167743
4670,0.7884300032
4671,0.6515721224
4672,0.802625934
4673,0.6686215059
4674,0.680721485
4675,0.6659911094
4676,0.753438678
4677,0.753438678
4678,0.753438678
4679,0.6517253637
4680,0.7277862738
4681,0.6132073299
4682,0.7059155029
4683,0.6474798156
4684,0.6474798156
4685,0.8043886563
4686,0.8216860966
4687,0.8774622799
4688,0.7247865868
4689,0.8074020274
4690,0.741757842
4691,0.7363506203
4692,0.8376408111
4693,0.8376408111
4694,0.6935048457
4695,0.7771125399
4696,0.6510743394
4697,0.6510743394
4698,0.7185779171
4699,0.7178468119
4700,0.7955197549
4701,0.8166295656
4702,0.8166295656
4703,0.8292239664
4704,0.8644698315
4705,0.6718281093
4706,0.8189762065
4707,0.8097380578
4708,0.7223968826
4709,0.8883184518
4710,0.8883184518
4711,0.7063595849
4712,0.6965763356
4713,0.7126944407
4714,0.6673922459
4715,0.7242101592
4716,0.8595193606
4717,0.7542000423
4718,0.8029766721
4719,0.6932205522
4720,0.8144993137
4721,0.7683875969
4722,0.8456557394
4723,0.7867261481
4724,0.7290016505
4725,0.8762357864
4726,0.8268857398
4727,0.6557534893
4728,0.7655472864
4729,0.6162866744
4730,0.7887008602
4731,0.7421568497
4732,0.7152603329
4733,0.7399093382
4734,0.7142650358
4735,0.7142650358
4736,0.7184093422
4737,0.7184093422
4738,0.6462248955
4739,0.7533624946
4740,0.6114335571
4741,0.7413508175
4742,0.5616710918
4743,0.5616710918
4744,0.8285939522
4745,0.8248403213
4746,0.8248403213
4747,0.8443282032
4748,0.7843293929
4749,0.6888361383
4750,0.8112719726
4751,0.6855287147
4752,0.7261514268
4753,0.7248003507
4754,0.7462121017
4755,0.5828558286
4756,0.7374341548
4757,0.6929262819
4758,0.6809564166
4759,0.8729855753
4760,0.7687337127
4761,0.8425217771
4762,0.7498123684
4763,0.6074656531
4764,0.6229983571
4765,0.682676076
4766,0.9051898749
4767,0.7982575996
4768,0.8484396508
4769,0.6830886927
4770,0.7349587643
4771,0.8013871428
4772,0.8013871428
4773,0.829941834
4774,0.7605403238
4775,0.8471228768
4776,0.6304138569
4777,0.8123319723
4778,0.7383070272
4779,0.7691310017
4780,0.6708424207
4781,0.7940342047
4782,0.847016722
4783,0.6820641928
4784,0.7896012869
4785,0.8463866742
4786,0.8804574375
4787,0.7667110155
4788,0.8749660074
4789,0.8749660074
4790,0.6726541048
4791,0.7767395124
4792,0.6509476777
4793,0.7245230851
4794,0.6545382161
4795,0.6545382161
4796,0.7775851316
4797,0.6528167053
4798,0.7612821045
4799,0.821682661
4800,0.6997938219
4801,0.7808065533
4802,0.6765792785
4803,0.6920588286
4804,0.6089341937
4805,0.6089341937
4806,6.091108513
4807,0.7743143456
4808,0.7609037932
4809,0.7788953959
4810,0.6728305777
4811,0.7042373569
4812,0.7042373569
4813,0.818992584
4814,0.818992584
4815,0.8269754963
4816,0.7231520441
4817,0.6199590204
4818,0.8280081951
4819,0.7581996971
4820,0.7385671841
4821,0.7846534217
4822,0.7072415555
4823,0.8161785981
4824,0.684960308
4825,0.836318045
4826,0.836318045
4827,0.6637494888
4828,0.8341556322
4829,0.6957666928
4830,0.7213156114
4831,0.7359157577
4832,0.8729023014
4833,0.6637682046
4834,0.7290357901
4835,0.6857041194
4836,0.7905740312
4837,0.6930322944
4838,0.6417300838
4839,0.7099151464
4840,0.793283053
4841,0.8692656365
4842,0.7766834499
4843,0.7871811156
4844,0.7569291872
4845,0.7354231194
4846,0.740394555
4847,0.6762062465
4848,0.703768971
4849,0.8430571115
4850,0.8430571115
4851,0.7148308117
4852,0.775505389
4853,0.775505389
4854,0.7077361862
4855,0.7077361862
4856,0.7628272987
4857,0.7716333411
4858,0.7440029733
4859,0.6371032406
4860,0.6844831698
4861,0.7951112995
4862,0.678098227
4863,0.859991175
4864,0.7869125351
4865,0.7548261341
4866,0.6795975735
4867,0.6807685067
4868,0.6712409536
4869,0.8490370362
4870,0.6842337636
4871,0.8282382987
4872,0.6928041135
4873,0.8145080404
4874,0.7168441589
4875,0.6950626326
4876,0.7097871472
4877,0.7223241957
4878,0.7144553337
4879,0.7882061012
4880,0.7271363635
4881,0.6370519534
4882,0.6276657344
4883,0.6276657344
4884,0.7716968819
4885,0.7716968819
4886,2240.8549214594
4887,0.6233329693
4888,0.7450438667
4889,0.7896660226
4890,0.7146059115
4891,0.7767990139
4892,0.7134005808
4893,0.7495115425
4894,0.7501301191
4895,0.7716432606
4896,0.7100671443
4897,0.7878536339
4898,0.7032054671
4899,0.7311866551
4900,0.7139298882
4901,0.7236179859
4902,0.7597311876
4903,0.5696008741
4904,0.7838852373
4905,0.8522977809
4906,0.8032717703
4907,0.7114228503
4908,0.7204422163
4909,0.7204422163
4910,0.6821564598
4911,0.7815208314
4912,0.7815208314
4913,0.7248106705
4914,0.8694676335
4915,0.8814944235
4916,0.7060960606
4917,0.7732816439
4918,0.6301685578
4919,0.7615091292
4920,0.8253248072
4921,0.6157039659
4922,0.817610077
4923,0.8322295489
4924,0.8322295489
4925,0.7195872117
4926,0.7578829704
4927,0.6915337494
4928,0.6495161212
4929,0.8428888889
4930,0.8452893652
4931,0.8452893652
4932,0.7132366438
4933,0.766556847
4934,0.7878697424
4935,0.7778794923
4936,0.7651519225
4937,0.8677435928
4938,0.6843717588
4939,0.7708581096
4940,0.912197574
4941,0.8760873746
4942,0.677661418
4943,0.7369193571
4944,0.6261833084
4945,0.7815738995
4946,0.8071977836
4947,0.7005217275
4948,0.7112333306
4949,0.7112333306
4950,0.851322274
4951,0.7398016246
4952,0.7398016246
4953,0.812954622
4954,0.7683212887
4955,0.7397236514
4956,0.7397236514
4957,0.8264636356
4958,0.691688912
4959,0.7613496573
4960,0.7832412009
4961,0.7837205481
4962,0.7848153703
4963,0.7324083402
4964,0.6780699414
4965,0.6780699414
4966,0.7326761676
4967,0.7825738486
4968,0.8467662791
4969,0.7905891286
4970,0.6554252836
4971,0.785165736
4972,0.7753112943
4973,0.7310308462
4974,0.7745626842
4975,0.8727349078
4976,0.7279762524
4977,0.7002553747
4978,0.7002553747
4979,0.7771876638
4980,0.8890676067
4981,0.682595046
4982,0.6900776216
4983,0.7765356093
4984,0.8159526339
4985,0.6794486273
4986,0.7562820414
4987,0.6625750081
4988,0.6625750081
4989,0.7609001419
4990,0.8455401545
4991,0.82856652
4992,0.6549154135
4993,0.8066666187
4994,0.6770459694
4995,0.82788099
4996,0.7293245774
4997,0.8231627297
4998,0.6731350864
4999,0.6556598181
5000,0.8862734334
5001,0.7018841707
5002,0.8434936501
5003,0.5566365037
5004,0.870814863
5005,0.799813946
5006,0.7728035919
5007,0.8425184115
5008,0.7395781659
5009,0.6560249959
5010,0.6560249959
5011,0.7594916436
5012,0.6364158556
5013,0.7125738384
5014,0.6641580907
5015,0.7477559611
5016,0.742071074
5017,0.7414690246
5018,0.7388905819
5019,0.8362401744
5020,0.7209355455
5021,0.7209355455
5022,0.7859727617
5023,0.8234764899
5024,0.6910364514
5025,0.7174040606
5026,0.7663086875
5027,0.8460743748
5028,0.748044157
5029,0.6844031469
5030,0.8287354837
5031,0.734952533
5032,0.8595777122
5033,0.6433496069
5034,0.7863325367
5035,0.7863325367
5036,0.8005043096
5037,0.7028354263
5038,0.8014835826
5039,0.719405624
5040,0.8801505503
5041,0.7492798068
5042,0.6607041096
5043,0.7905786516
5044,0.8083916288
5045,0.7195814286
5046,0.7136319896
5047,0.7516239125
5048,0.64069435
5049,0.8368363627
5050,0.6835185812
5051,0.8359573028
5052,0.7410179354
5053,0.8425849052
5054,0.7152542524
5055,0.784263212
5056,0.7651654875
5057,0.8287773953
5058,0.8851876098
5059,0.6088048629
5060,0.6065738011
5061,0.6492829445
5062,0.7519736066
5063,0.7575568264
5064,0.7522966018
5065,0.8078249581
5066,0.7474886972
5067,0.7781791838
5068,0.6599004844
5069,0.8257679986
5070,0.8257679986
5071,0.6503328557
5072,0.8808957962
5073,0.8808957962
5074,0.7076596438
5075,0.7604986979
5076,0.8454022456
5077,0.6764737962
5078,0.7859047106
5079,0.8276033107
5080,0.7945720431
5081,0.8351846656
5082,0.7434932837
5083,0.6976121583
5084,0.7498511167
5085,0.7697057529
5086,0.7900795823
5087,0.8344217977
5088,0.8223899717
5089,0.7835591211
5090,0.7835591211
5091,0.7215706125
5092,0.7215706125
5093,0.7787936757
5094,0.76586812
5095,0.6758746636
5096,0.7202378933
5097,0.7522920276
5098,0.6870835614
5099,0.7735790143
5100,0.7927686308
5101,0.7646619966
5102,0.7844858705
5103,0.8854968928
5104,0.6575014624
5105,0.8156722492
5106,0.8283804652
5107,0.8256206446
5108,0.6477210017
5109,0.7689329396
5110,0.8337829077
5111,0.6656363942
5112,0.7195666654
5113,0.7356302513
5114,0.7660744985
5115,0.8026525636
5116,0.7807617066
5117,0.7546847736
5118,0.8527657454
5119,0.8139662863
5120,0.8398656387
5121,0.7292820049
5122,0.7601402831
5123,0.7601402831
5124,0.8139845416
5125,0.8139845416
5126,0.6778112878
5127,0.855737008
5128,0.6957956391
5129,0.816960012
5130,0.7953578176
5131,0.8136162452
5132,0.8118281591
5133,0.7186553539
5134,0.7013683623
5135,0.8298694432
5136,0.759119565
5137,0.6348991871
5138,0.6890774441
5139,0.7662797108
5140,0.7662797108
5141,0.7111239267
5142,0.7573323259
5143,0.7486815442
5144,0.6605704841
5145,0.7859009169
5146,0.728197365
5147,0.7023255703
5148,0.8645649267
5149,0.8061012338
5150,0.8061012338
5151,0.7182961423
5152,0.8792461985
5153,0.6501484899
5154,0.6809474161
5155,0.8035373301
5156,0.8294747077
5157,0.7926512559
5158,0.6658746847
5159,0.8746560125
5160,0.7841237383
5161,0.7409159496
5162,0.8331199745
5163,0.6886640173
5164,0.7119054071
5165,0.7318631899
5166,0.7536885007
5167,0.7536885007
5168,0.6051805486
5169,0.8002512846
5170,0.7680004237
5171,0.7335910493
5172,0.6549176999
5173,0.6076130107
5174,0.7331355682
5175,0.7698436818
5176,0.8223614967
5177,0.778488979
5178,0.7899461209
5179,0.6590465253
5180,0.6590465253
5181,0.8641872426
5182,0.8471357889
5183,0.8266569657
5184,0.6743404306
5185,0.8554834782
5186,0.8661985333
5187,0.7890687053
5188,0.8181216586
5189,0.8426571111
5190,0.6530596859
5191,0.6976392609
5192,0.7052224948
5193,0.7572805067
5194,0.8296870636
5195,0.8165627051
5196,0.8020460595
5197,0.7715461451
5198,0.7468644022
5199,0.7239108253
5200,0.7421766367
5201,0.7377098555
5202,0.8078768254
5203,0.7746572545
5204,0.7835623082
5205,0.7074290856
5206,0.8375989869
5207,0.8310981349
5208,0.6516641318
5209,0.6516641318
5210,0.6516641318
5211,0.7473414503
5212,0.8231815734
5213,0.811759512
5214,0.8056325699
5215,0.7081548202
5216,0.8051104389
5217,0.8020443339
5218,0.8130331908
5219,0.8130331908
5220,0.7324114739
5221,0.7174572237
5222,0.7639771734
5223,0.7874829708
5224,0.67312862
5225,0.6572481874
5226,0.7143091921
5227,0.7063921207
5228,0.7063921207
5229,0.7346466056
5230,0.7470043343
5231,0.7652508039
5232,0.7837832609
5233,0.6804051344
5234,0.7861143374
5235,0.7888385017
5236,0.7241842835
5237,0.7241842835
5238,0.8439211152
5239,0.8867546981
5240,0.6999150967
5241,0.6999150967
5242,0.6999150967
5243,0.7330603266
5244,0.6826858101
5245,0.6771823428
5246,0.8204163963
5247,0.7842603808
5248,0.752280184
5249,0.6012387916
5250,0.785544603
5251,0.7058443054
5252,0.7058443054
5253,0.7741992639
5254,0.7222560522
5255,0.6323755458
5256,0.627690231
5257,0.7672645273
5258,0.6999208987
5259,0.7164704091
5260,0.7629937507
5261,0.6505614086
5262,0.6880212004
5263,0.7182531602
5264,0.7182531602
5265,0.7019086282
5266,0.8000357818
5267,0.8527658947
5268,0.6691515231
5269,0.6857697811
5270,0.6490568439
5271,0.8991898096
5272,0.8446578472
5273,0.8068314768
5274,0.8450510716
5275,0.8450510716
5276,0.6913928766
5277,0.6607981011
5278,0.9092531593
5279,0.799883805
5280,0.7878628666
5281,0.7878628666
5282,0.7878628666
5283,0.881405181
5284,0.8580183794
5285,0.8580183794
5286,0.6661816989
5287,0.6821757902
5288,0.7272203906
5289,0.8707101081
5290,0.8707101081
5291,0.7845303927
5292,0.7050951888
5293,0.746393417
5294,0.7703895887
5295,0.7703895887
5296,0.7810772871
5297,0.829863448
5298,0.6294665367
5299,0.7162233713
5300,0.8963608395
5301,0.6762587708
5302,0.6800829756
5303,0.6161526691
5304,0.6745182541
5305,0.8575964477
5306,0.765291257
5307,0.8430868529
5308,0.7168297987
5309,0.7130784027
5310,0.817417118
5311,0.7402770215
5312,0.6749419006
5313,0.7832655562
5314,0.7508562032
5315,0.6494256076
5316,0.6494256076
5317,0.8223300435
5318,0.8394905628
5319,0.8782414605
5320,0.7603790539
5321,0.6910669321
5322,0.7022922379
