,total_pressure_coe
0,0.8397555539
1,0.8855151614
2,0.7875895649
3,0.7126196011
4,0.6961318954
5,0.5969314275
6,0.5969314275
7,0.7875061056
8,0.7226004772
9,0.7780628218
10,0.6978579232
11,0.7675658116
12,0.8651821312
13,0.7623872711
14,0.7723785157
15,0.7820420507
16,0.809636677
17,0.6144757624
18,0.7923376366
19,0.7197226138
20,0.749242074
21,0.7171429915
22,0.8667241071
23,0.6586120913
24,0.7689611221
25,0.622280598
26,0.6546337146
27,0.8461145498
28,0.6577498568
29,0.6584331032
30,0.8150730003
31,0.6928953246
32,0.5779928328
33,0.878266378
34,0.6773608765
35,0.8831092571
36,0.7422402282
37,0.7951090957
38,0.7951090957
39,0.6766662859
40,0.675517964
41,0.675517964
42,0.7543884924
43,0.6979098816
44,0.7671063478
45,0.7649832708
46,0.8406970407
47,0.8588169215
48,0.754405466
49,0.660734692
50,0.7631160481
51,0.8439697138
52,0.7446380087
53,0.7711012407
54,0.6693214506
55,0.7542491368
56,0.6607062717
57,0.8433891585
58,0.8050317028
59,0.8496426305
60,0.7778289451
61,0.7400212586
62,0.7575411656
63,0.7252755566
64,0.7913702119
65,0.7094947339
66,0.6837286098
67,0.6837286098
68,0.6837286098
69,0.6837286098
70,0.6837286098
71,0.6602327865
72,0.7646449006
73,0.742377756
74,0.6738225777
75,0.7087275729
76,0.727776646
77,0.6989369821
78,0.8177060586
79,0.8223893685
80,0.8116536191
81,0.8116536191
82,0.7059560504
83,0.800099898
84,0.7580735745
85,0.8202165313
86,0.7318900775
87,0.658835306
88,0.6829713296
89,0.8537037959
90,0.7542741504
91,0.788689402
92,0.788689402
93,0.7622561984
94,0.7861721329
95,0.8156978257
96,0.6820345845
97,0.6820345845
98,0.6906090015
99,0.8586078275
100,0.688550839
101,0.8638436663
102,0.8834958726
103,0.7422712209
104,0.8612092781
105,0.8462393341
106,0.8332487749
107,0.7006581131
108,0.8562924178
109,0.7773501983
110,0.8062063804
111,0.7785207027
112,0.7394587728
113,0.7380023449
114,0.6901110527
115,0.8464226775
116,0.7955238681
117,0.8443841813
118,0.8001037958
119,0.8018302865
120,0.6903034249
121,0.7602963571
122,0.8809687365
123,0.604169964
124,0.595264575
125,0.7187264877
126,0.598343146
127,0.6663438175
128,0.6714623005
129,0.6521651788
130,0.7817797789
131,0.7681982823
132,0.7681982823
133,0.791769836
134,0.6555293786
135,0.7654132802
136,0.7872094156
137,0.7815568819
138,0.7230363885
139,0.7863571663
140,0.7670527299
141,0.8808641434
142,0.8808641434
143,0.8808641434
144,0.8808641434
145,0.7519182165
146,0.8001926524
147,0.8136281188
148,0.8631606622
149,0.8631606622
150,0.7812077302
151,0.7016349292
152,0.7299162787
153,0.8431473609
154,0.6313430177
155,0.7675453769
156,0.7276897566
157,0.7057946247
158,0.7057946247
159,0.7413624948
160,0.8755977361
161,0.712114586
162,0.7829902597
163,0.8261768715
164,0.8535417841
165,0.6629740589
166,0.8405726564
167,0.6793728962
168,0.8533514446
169,0.6918359415
170,0.7539648815
171,0.7042566191
172,0.797312939
173,0.77809443
174,0.77809443
175,0.8341655796
176,0.7307900117
177,0.6982710811
178,0.6447066565
179,0.8828243528
180,0.6470283228
181,0.8037380454
182,0.862686979
183,0.7492635112
184,0.7209561294
185,0.8159757336
186,0.9015068715
187,0.7516120167
188,0.7482445558
189,0.8121602172
190,0.9016530252
191,0.6728360507
192,0.6779068133
193,0.6616046944
194,0.8165727984
195,0.6391702202
196,0.7764208511
197,0.7467720226
198,0.821175189
199,0.7942141171
200,0.698849803
201,0.6698778324
202,0.733390277
203,0.7062647562
204,0.7642104097
205,0.7642104097
206,0.6453525637
207,0.6429405207
208,0.7426971622
209,0.8967515857
210,0.7046054285
211,0.6658849501
212,0.8061307067
213,0.663894998
214,0.8727641789
215,0.7843600358
216,0.6280513712
217,0.8349150578
218,0.7422108472
219,0.7894110577
220,0.7312324167
221,0.7255862075
222,0.8574437742
223,0.8311899196
224,0.7311493168
225,0.7447975177
226,0.7616383855
227,0.6728987524
228,0.6589763357
229,0.7709540992
230,0.7747096539
231,0.8866582286
232,0.7073693013
233,0.8734036598
234,0.7589126556
235,0.7479230728
236,0.6739048888
237,0.8039835129
238,0.7284819259
239,0.7284819259
240,0.7343760334
241,0.8179205445
242,0.7988682966
243,0.6571121794
244,0.6571121794
245,0.700306043
246,0.6829647099
247,0.8629356927
248,0.8077791382
249,0.7521631887
250,0.7244589391
251,0.8001572581
252,0.8514221497
253,0.8615114274
254,0.7218857526
255,0.6390610266
256,0.7009047382
257,0.8284833603
258,0.7506676858
259,0.7042466909
260,0.7096411121
261,0.8467545654
262,0.7932195056
263,0.6888047374
264,0.8191218268
265,0.700425326
266,0.700425326
267,0.7987193162
268,0.7987193162
269,0.7299110255
270,0.7581973947
271,0.7581973947
272,0.7487299126
273,0.7483448166
274,0.7419931091
275,0.7173087722
276,0.7941726619
277,0.7485459829
278,0.8673886644
279,0.8673886644
280,0.7096575042
281,0.7096575042
282,0.7096575042
283,0.8100919891
284,0.744640054
285,0.6843431549
286,0.7800229876
287,0.715336075
288,0.6412144422
289,0.8547174989
290,0.8079755269
291,0.7101543107
292,0.8785913476
293,0.7521036996
294,0.7915604087
295,0.7915604087
296,0.805818788
297,0.6636019081
298,0.844582324
299,0.6990567607
300,0.7721213385
301,0.6708440349
302,0.6749619578
303,0.6749619578
304,0.6749619578
305,0.6749619578
306,0.7864654982
307,0.7804855201
308,0.7354408964
309,0.699496002
310,0.8536241311
311,0.8209461157
312,0.7275325922
313,0.7171182487
314,0.7217099678
315,0.7217099678
316,0.7885445897
317,0.6856082958
318,0.6689864961
319,0.8080015899
320,0.7441098496
321,0.6934057289
322,0.6824795686
323,0.6824795686
324,0.713682823
325,0.8011402264
326,0.8044004617
327,0.6973848772
328,0.6973848772
329,0.7465754676
330,0.804870766
331,0.7259916824
332,0.7362986181
333,0.7362986181
334,0.8156281208
335,0.8327429175
336,0.8404115771
337,0.6857094234
338,0.7623965303
339,0.8145744665
340,0.7007467838
341,0.8208283725
342,0.6776054066
343,0.8569429919
344,0.6505232442
345,0.6921797167
346,0.6921797167
347,0.6987352406
348,0.8290129002
349,0.7896849371
350,0.7896849371
351,0.747875986
352,0.7630013831
353,0.5689107335
354,0.755590689
355,0.7411110244
356,0.7181248007
357,0.6570097503
358,0.7617217782
359,0.7933102633
360,0.8295292196
361,0.8295292196
362,0.8365086704
363,0.7351857682
364,0.6723769438
365,0.817813775
366,0.8123775198
367,0.7772201315
368,0.7499937913
369,0.7499937913
370,0.7621486639
371,0.8299155961
372,0.808307776
373,0.7315735956
374,0.8600163786
375,0.7725087159
376,0.8101725763
377,0.7925251078
378,0.7191827766
379,0.7628563516
380,0.8331886655
381,0.6121641009
382,0.8202890748
383,0.8409669684
384,0.7047084081
385,0.7789703859
386,0.7702589439
387,0.7702589439
388,0.8258499061
389,0.7647717851
390,0.7655685953
391,0.7236491719
392,0.6749372226
393,0.6848351397
394,0.7748844221
395,0.7170028967
396,0.7827108223
397,0.6646846057
398,0.7941188854
399,0.7066335742
400,0.6821369049
401,0.7349169304
402,0.6369377709
403,0.7154361711
404,0.7433919202
405,0.7087302126
406,0.7248318173
407,0.9053694907
408,0.7569249763
409,0.7114751088
410,0.8312679203
411,0.7290277014
412,0.6770811008
413,0.7375038987
414,0.8777335712
415,0.6918342059
416,0.6605481738
417,0.8082042063
418,0.8276098062
419,0.6829301873
420,0.7314251102
421,0.7113972759
422,0.8183421261
423,0.7360685508
424,0.7360685508
425,0.6828736439
426,0.6159758654
427,0.6159758654
428,0.8296901518
429,0.6475496522
430,0.7488553381
431,0.7352885999
432,0.6945754568
433,0.8108791262
434,0.8108791262
435,0.6725729539
436,0.7237092625
437,0.7576725605
438,0.8224233778
439,0.630024795
440,0.7080697342
441,0.7080697342
442,0.7080697342
443,0.6574277919
444,0.6385378273
445,0.8874985975
446,0.846088939
447,0.7441765305
448,0.8840146833
449,0.6433212742
450,0.8919186594
451,0.7633574355
452,0.7633574355
453,0.7322563061
454,0.7155333742
455,0.7155333742
456,0.7370652494
457,0.721510638
458,0.721510638
459,0.6298963935
460,0.6298963935
461,0.7947126578
462,0.7101876151
463,0.7635649962
464,0.6868556431
465,0.6868556431
466,0.7145479589
467,0.7145479589
468,0.821737816
469,0.7063722731
470,0.8368246146
471,0.8139979495
472,0.8063344705
473,0.855819578
474,0.8215272474
475,0.6640100718
476,0.6640100718
477,0.8181364335
478,0.8917858267
479,0.8917858267
480,0.8930406667
481,0.677074521
482,0.81166879
483,0.7471881373
484,0.7471881373
485,0.6370678615
486,0.7716379743
487,0.7140397657
488,0.8033784484
489,0.8432830783
490,0.8659749212
491,0.680346204
492,0.7070655914
493,0.749211062
494,0.6868772807
495,0.8541130926
496,0.7389319825
497,0.7585509489
498,0.8552157922
499,0.779464483
500,0.8122989983
501,0.8937904858
502,0.8192301627
503,0.7367080193
504,0.6622405182
505,0.7094781089
506,0.8488692208
507,0.7504147092
508,0.6982776215
509,0.6864061171
510,0.7612900925
511,0.7612900925
512,0.6646431146
513,0.7261523452
514,0.742129748
515,0.6981713402
516,0.735126036
517,0.7376317649
518,0.7272094486
519,0.690483377
520,0.7703979131
521,0.677329391
522,0.682567088
523,0.7486504989
524,0.631593534
525,0.6180477323
526,0.6964567109
527,0.7474492485
528,0.7251365007
529,0.7981927132
530,0.6945843606
531,0.7844722388
532,0.7093317742
533,0.625891675
534,0.74580016
535,0.8114291856
536,0.7120417165
537,0.7311142278
538,0.7564197438
539,0.7256297278
540,0.7985151642
541,0.7112088688
542,0.815369282
543,0.7173218871
544,0.845703099
545,0.845703099
546,0.7828455177
547,0.7573974782
548,0.8258467391
549,0.7457918899
550,0.6347526139
551,0.8160484834
552,0.8051393079
553,0.7893496007
554,0.7100284963
555,0.6511821247
556,0.6511821247
557,0.6744121198
558,0.6214194479
559,0.8690582647
560,0.8082849551
561,0.7403550834
562,0.7693838085
563,0.7742712337
564,0.7742712337
565,0.7054160749
566,0.6151539285
567,0.8441687814
568,0.8338551576
569,0.6884032919
570,0.6686939419
571,0.8736813863
572,0.9168619446
573,0.6864431087
574,0.8244667223
575,0.7462803904
576,0.8754715431
577,0.8217176711
578,0.8248827108
579,0.8055264937
580,0.6492135
581,0.7887907694
582,0.811452128
583,0.811452128
584,0.7977739753
585,0.7522961553
586,0.6649712633
587,0.6919137413
588,0.7373033298
589,0.7373033298
590,0.8624345688
591,0.7532611549
592,0.8361588811
593,0.6337716985
594,0.8841028051
595,0.6997339032
596,0.6654582783
597,0.7589953234
598,0.7589953234
599,0.679728109
600,0.811464842
601,0.7632391207
602,0.7324708351
603,0.7565246711
604,0.7860393483
605,0.6646337825
606,0.7333271767
607,0.7820534623
608,0.7894681958
609,0.7334927443
610,0.7765365774
611,0.7987980876
612,0.752751843
613,0.6925327615
614,0.6768458965
615,0.6614926095
616,0.6796564431
617,0.8083034698
618,0.7404973202
619,0.7245920851
620,0.8051125628
621,0.7938434822
622,0.7582346552
623,0.7652689902
624,0.8911672139
625,0.5673330166
626,0.6439264158
627,0.8792056526
628,0.6374851588
629,0.6374851588
630,0.8274208269
631,0.7216832182
632,0.8533300269
633,0.7829058938
634,0.8189268403
635,0.7890504107
636,0.5906428784
637,0.735364499
638,0.8677478712
639,0.8434947847
640,0.6701484943
641,0.8488748448
642,0.8642010643
643,0.7114823459
644,0.6933428367
645,0.8053072199
646,0.7012296477
647,0.8727044663
648,0.7381799044
649,0.8143373798
650,0.8143373798
651,0.7902017338
652,0.7463382507
653,0.8470989468
654,0.7642145125
655,0.6595065296
656,0.8548892563
657,73.6232735863
658,0.69710715
659,0.7777979238
660,0.6660171928
661,0.8440634038
662,0.9057710686
663,0.6601118673
664,0.8352191054
665,0.7489778613
666,0.6491323647
667,0.7806999034
668,0.6759583043
669,0.7288476901
670,0.8522558797
671,0.8669400214
672,0.6609740283
673,0.8894742684
674,0.8894742684
675,0.6935553172
676,0.7005035836
677,0.6614470239
678,0.6951995551
679,0.6752742267
680,0.8226867398
681,0.7374807976
682,0.7211655042
683,0.8488984871
684,0.8176891571
685,0.8523821469
686,0.7124459141
687,0.7142549023
688,0.6653644619
689,0.7753321434
690,0.6585876579
691,0.7783912225
692,0.8724797606
693,0.8724797606
694,0.7077935811
695,0.7077935811
696,0.8618926094
697,0.8894518415
698,0.6862609628
699,0.7260454497
700,0.6980164458
701,0.6550366406
702,0.7613485161
703,0.7613485161
704,0.7673653859
705,0.7652074691
706,0.7826012556
707,0.7826012556
708,0.7389440012
709,0.8468494702
710,0.5794738191
711,0.5794738191
712,0.6978310978
713,0.6676124298
714,0.8171084132
715,0.8171084132
716,0.8585580745
717,0.8511347175
718,0.8908302306
719,0.8387503985
720,0.7229191665
721,0.7491990703
722,0.7003218118
723,0.7940419996
724,0.7940419996
725,0.7487784742
726,0.6300366815
727,0.7836504488
728,0.8286858276
729,0.869806619
730,0.7441339108
731,0.7368048311
732,0.8441043127
733,0.793135104
734,0.8449725339
735,0.8214277799
736,0.908189182
737,0.6027412047
738,0.8254969359
739,0.6647404178
740,0.6992275905
741,0.7702628309
742,0.7022436541
743,0.7197611628
744,0.7296991941
745,0.6787861537
746,0.8003352701
747,0.7593341697
748,0.7947314208
749,0.8031783073
750,0.8002413654
751,0.7864956713
752,0.7067814147
753,0.7067814147
754,0.7828435138
755,0.6836799253
756,0.8615300568
757,0.7164674464
758,0.7429678555
759,0.7587165292
760,0.7726137211
761,0.6420685027
762,0.6513836869
763,0.7582616692
764,0.7225656178
765,0.6827492803
766,0.6676820737
767,0.6615197857
768,0.7824975811
769,0.700634786
770,0.7867147961
771,0.8720682619
772,0.691803822
773,0.8327337634
774,0.6893244611
775,0.7551736636
776,0.828739096
777,0.7367313633
778,0.671643951
779,0.8026326233
780,0.8302731629
781,0.8262743719
782,0.697594246
783,0.7859696281
784,0.5656845581
785,0.6847539498
786,0.7200639581
787,0.8341933904
788,0.8056740333
789,0.648728278
790,0.5830954061
791,0.8222276864
792,0.8222276864
793,0.8237136798
794,0.6670616147
795,0.7517913879
796,0.796565249
797,0.7474169159
798,0.8349594039
799,0.7222762543
800,0.8121100332
801,0.8621245777
802,0.7018318076
803,0.751625559
804,0.7548069075
805,0.7287409207
806,0.8020352903
807,0.8933363036
808,0.8933363036
809,0.8060936681
810,0.5941369592
811,0.8698052712
812,0.8698052712
813,0.8003380045
814,0.8471609882
815,0.6551742263
816,0.734655356
817,0.840720934
818,0.7562028102
819,0.8037407014
820,0.8468562731
821,0.7830581338
822,0.8288025196
823,0.7831466476
824,0.6231130982
825,0.8633579195
826,0.7573603794
827,0.8485593338
828,0.7746887506
829,0.7040565598
830,0.6875842594
831,0.8928350729
832,0.8050471528
833,0.8185383326
834,0.7035613371
835,0.8076143
836,0.8368887247
837,0.7674457711
838,0.6843981657
839,0.7471754423
840,0.7289013874
841,0.6491371154
842,0.6491371154
843,0.8261977814
844,0.7732663465
845,0.8283745868
846,0.7436304657
847,0.7050257398
848,0.7050257398
849,0.770821988
850,0.7967884166
851,0.8553131043
852,0.8745280732
853,0.8192018254
854,0.7343931269
855,0.6490616218
856,0.8640368712
857,0.7629508032
858,0.6974230112
859,0.7819528084
860,0.8603988133
861,0.7622141168
862,0.8259867299
863,0.8384449003
864,0.7918731382
865,0.7878529028
866,0.8658431877
867,0.782851641
868,0.782851641
869,0.782851641
870,0.782851641
871,0.782851641
872,0.6129615057
873,0.6129615057
874,0.7403352665
875,0.8296060343
876,0.7441639702
877,0.7770620604
878,0.6297299151
879,0.8417251042
880,0.7481932638
881,0.7481932638
882,0.7668990764
883,0.8379456895
884,0.8116260148
