,total_pressure_coe
0,0.8157429199
1,0.7435709268
2,0.8398031188
3,0.6716851977
4,0.745298084
5,0.704804496
6,0.7797040494
7,0.6750614863
8,0.7294371444
9,0.8051040842
10,0.8232760841
11,0.6800971328
12,0.6800971328
13,0.7853046776
14,0.7112870807
15,0.7393476405
16,0.8547925331
17,0.7180628653
18,0.6911216764
19,0.6578797807
20,0.7367404912
21,0.8265480684
22,0.6538741659
23,0.869122794
24,0.6428433218
25,0.8165377268
26,0.6464931862
27,0.6464931862
28,0.7976879572
29,0.7747995022
30,0.7976699686
31,0.755860823
32,0.6784426121
33,0.693610958
34,0.6888885769
35,0.6888885769
36,0.8351550517
37,0.8437157761
38,0.6792828199
39,0.6567649421
40,0.7649635154
41,0.667387699
42,0.7701622075
43,0.5495454647
44,0.8350232154
45,0.7234769232
46,0.6385791524
47,0.7699040587
48,0.722489153
49,0.7684718767
50,0.6715332388
51,0.8852916351
52,0.6940476383
53,0.6940476383
54,0.7222038777
55,0.7241857459
56,0.8250752888
57,0.8250752888
58,0.8184915684
59,0.7076891828
60,0.7264054606
61,0.7804582643
62,0.7751849984
63,0.6843583581
64,0.8358290538
65,0.7795181361
66,0.6130291071
67,0.7584038922
68,0.7620551831
69,0.7620551831
70,0.6548869363
71,0.8073622075
72,0.6705217123
73,0.7888143922
74,0.8551865558
75,0.7586356762
76,0.6745195317
77,0.6750864612
78,0.7920039246
79,0.7245419078
80,0.8673216513
81,0.687731405
82,0.687731405
83,0.7076110816
84,0.6495917647
85,0.8455657507
86,0.8329848927
87,0.8275516528
88,0.6712409292
89,0.8578380105
90,0.7080401668
91,0.6877617962
92,0.8384265143
93,0.8384265143
94,0.7554727953
95,0.769670064
96,0.7420028575
97,0.8718931813
98,0.9040991064
99,0.8651875426
100,0.8853623348
101,0.7543007497
102,0.6665724896
103,0.8747309952
104,0.8070862589
105,0.6995167961
106,0.7576028193
107,0.7140697414
108,0.8607851319
109,0.8607851319
110,0.8435027867
111,0.7432298151
112,0.7654284652
113,0.5826803787
114,0.877278591
115,0.7654331538
116,0.7654331538
117,0.7654331538
118,0.7344888373
119,0.7344888373
120,0.6617163298
121,0.8127819834
122,0.83634982
123,0.9054577693
124,0.7737049997
125,0.7037783862
126,0.7900512521
127,0.8718453105
128,0.7252949312
129,0.7201794361
130,0.660169271
131,0.6979999884
132,0.8846636666
133,0.6639026753
134,0.8251070693
135,0.721214376
136,0.721214376
137,0.8192113226
138,0.6841491627
139,0.7499950906
140,0.6436195346
141,0.8145408854
142,0.860961848
143,0.693689238
144,0.7364027148
145,0.5846549875
146,0.8093805188
147,0.7989587071
148,0.7163581533
149,0.6507438212
150,0.6826550919
151,0.6628421613
152,0.6628421613
153,0.6863637617
154,0.7216785711
155,0.8158297674
156,0.673195927
157,0.6899046896
158,0.8855365068
159,0.7147179264
160,0.8860028273
161,0.7268562899
162,0.8221567236
163,0.7949762058
164,0.7448200236
165,0.8259612582
166,0.7966245409
167,0.869714129
168,0.6267705462
169,0.6267705462
170,0.6763985992
171,0.6763985992
172,0.7322900587
173,0.7041327198
174,0.8400602161
175,0.7331434819
176,0.6922655886
177,0.8735644088
178,0.7912123718
179,0.7912123718
180,0.7176430044
181,0.7806660129
182,0.7121049666
183,0.7241486734
184,0.7272234833
185,0.8655945595
186,0.7625683913
187,0.8179269161
188,0.8279195989
189,0.5857094958
190,0.6568314133
191,0.7679338078
192,0.695395472
193,0.695395472
194,0.7747160962
195,0.8405892643
196,0.6485083355
197,0.6056098313
198,0.7451802781
199,0.7744177108
200,0.8843131062
201,0.8184722611
202,0.6963257862
203,0.765167181
204,0.6483995667
205,0.7433294781
206,0.830808525
207,0.7986611089
208,0.7363491032
209,0.7788818225
210,0.8638449481
211,0.8250831114
212,0.7465617761
213,0.8644935831
214,0.7733358186
215,0.896917819
216,0.8396721562
217,0.7077912166
218,0.6462469134
219,0.6521533576
220,0.7723213387
221,0.6736863209
222,0.7589935018
223,0.8708878327
224,0.7139482971
225,0.7409297324
226,162.8130938567
227,0.7579781607
228,0.8164764816
229,0.7979537773
230,0.7979537773
231,0.7979537773
232,0.7979537773
233,0.7979537773
234,0.8051275538
235,0.7280267635
236,0.7280267635
237,0.6504750491
238,0.7852636238
239,0.8118695773
240,0.695251329
241,0.7529376271
242,0.7894773074
243,0.7252607469
244,0.6660227841
245,0.8269989475
246,0.7936860294
247,0.7882684964
248,0.6733041839
249,0.618901966
250,0.7750963344
251,0.6758965208
252,0.70062414
253,0.8092392587
254,0.6888204847
255,0.6555606989
256,0.8775172615
257,0.6802488774
258,0.7174021523
259,0.7991821599
260,0.7556140756
261,0.6454209674
262,0.7271152699
263,0.7221024408
264,0.7796738296
265,0.7973226757
266,0.673337628
267,0.7143427701
268,0.7606370238
269,0.850738145
270,0.850738145
271,0.7245149751
272,0.7975785639
273,0.6617374927
274,0.6617374927
275,0.7593109071
276,0.8505629426
277,0.663419743
278,0.6761183925
279,0.7946200852
280,0.662748411
281,0.7760800087
282,0.8001373212
283,0.8001373212
284,0.797883439
285,0.8317241945
286,0.6559751891
287,0.681518533
288,0.6847310883
289,0.6663901633
290,0.7564158523
291,0.6789236343
292,0.7542454679
293,0.7462607604
294,0.6447790179
295,0.6331368757
296,0.7585442206
297,0.7585442206
298,0.6760440969
299,0.8602569132
300,0.8602569132
301,0.8602569132
302,0.7452038082
303,0.7027376353
304,0.6711498693
305,0.8378166501
306,0.7113740296
307,0.6605118825
308,0.6858078301
309,0.8307397775
310,0.8382946074
311,0.7714829852
312,0.6745576052
313,0.850525715
314,0.8665821414
315,0.877086247
316,0.8483168536
317,0.6547454424
318,0.8050693427
319,0.7213488368
320,0.7213488368
321,0.7789121948
322,0.733453396
323,0.7861006146
324,0.8163427089
325,0.8355546462
326,0.8059938843
327,0.7226878795
328,0.7226878795
329,0.6694022594
330,0.7016543206
331,0.7735109506
332,0.7735109506
333,0.6826843561
334,0.7017549577
335,0.8606731362
336,0.8388021104
337,0.7032249522
338,0.7059129103
339,0.7494945773
340,0.8143105939
341,0.5912825003
342,0.7192576983
343,0.8844373698
344,0.8179801287
345,0.7275833127
346,0.6995094018
347,0.7722167727
348,0.8372767448
349,0.769206551
350,0.7993997302
351,0.7665696842
352,0.6746639115
353,0.7135247826
354,0.701553546
355,0.6675205184
356,0.7645877901
357,0.7487257725
358,0.6294955904
359,0.6604230746
360,0.6495022808
361,0.7663292981
362,0.7663292981
363,0.6721948712
364,0.862297745
365,0.6838228855
366,0.7162366046
367,0.7428200597
368,0.9015371435
369,0.9015371435
370,0.7823290171
371,0.7823290171
372,0.7097170707
373,0.6409767176
374,0.7107805143
375,0.767053235
376,0.6584425941
377,0.7195657369
378,0.7556319028
379,0.8319151604
380,0.7435372198
381,0.7123116101
382,0.7123116101
383,0.7123116101
384,0.6631363098
385,0.8766403571
386,0.8579677025
387,0.842173171
388,0.7687596712
389,0.7339868418
390,0.6704977536
391,0.8205915696
392,0.8204423752
393,0.7541018425
394,0.8369921581
395,0.7074174736
396,0.6895393879
397,0.6774899487
398,0.7285353995
399,0.6781587255
400,0.7925823695
401,0.6547142138
402,0.6547142138
403,0.8165563997
404,0.8165563997
405,0.6846983798
406,0.769159797
407,0.769159797
408,0.769159797
409,0.8231138063
410,0.7528400587
411,0.7974785638
412,0.712530138
413,0.8447386254
414,0.7238055632
415,0.6997723122
416,0.7541707637
417,0.619754853
418,0.8844505585
419,0.8229358115
420,0.7747429396
421,0.8518902342
422,0.743507685
423,0.7587212342
424,0.8039249189
425,0.8536102167
426,0.6217203605
427,0.8011465267
428,0.8201108279
429,0.7162385209
430,0.6716540739
431,0.6716540739
432,0.8632558209
433,0.7860387552
434,0.7627787272
435,0.8321549112
436,0.7877465373
437,0.5957106526
438,0.6419143573
439,0.7529021065
440,0.6427708704
441,0.7047697227
442,0.8193403064
443,0.7063207583
444,0.7988496774
445,0.7988496774
446,0.7847629193
447,0.7862013779
448,0.7977943724
449,0.6621506433
450,0.7003784218
451,0.8007301186
452,0.7073315718
453,0.7769532108
454,0.6568114629
455,0.8553167804
456,0.8173546827
457,0.7238168765
458,0.727499015
459,0.6475097797
460,0.7518121111
461,0.7512367655
462,0.779287098
463,0.6156829367
464,0.8912718125
465,0.8372293784
466,0.8132449983
467,0.8120686705
468,0.6877046648
469,0.6877046648
470,0.7717305389
471,0.8736124691
472,0.6945644577
473,0.7842830111
474,0.8543892219
475,0.6228980649
476,0.7233973797
477,0.736101659
478,0.8370457606
479,0.7811692008
480,0.8591402646
481,0.7698068884
482,0.7187903975
483,0.8231482014
484,0.8179473049
485,0.8179473049
486,0.8627509528
487,0.8236030387
488,0.6730293584
489,0.6773576679
490,0.6657282279
491,0.6569166939
492,0.8402529071
493,0.8488393099
494,0.6900815959
495,0.8377462482
496,0.7883567017
497,0.7281619433
498,0.7825218525
499,0.7198609464
500,0.6983785831
501,0.7914916097
502,0.8833517137
503,0.6005880212
504,0.732869256
505,0.7019263893
506,0.7011793572
507,0.853473915
508,0.8399496907
509,0.6486057636
510,0.7826715619
511,0.7364599733
512,0.7658472697
513,0.836574426
514,0.836574426
515,0.6989037301
516,0.8564118713
517,0.649860299
518,0.6877025529
519,0.7066486792
520,0.7066486792
521,0.6989623022
522,0.8235551767
523,0.7181032234
524,0.7181032234
525,0.7507292373
526,0.6493372378
527,0.8155785725
528,0.6947432307
529,0.6533496479
530,0.770469348
531,0.770469348
532,0.8488201112
533,0.7767362015
534,0.8616001676
535,0.7733487294
536,0.7790826723
537,0.7359632762
538,0.8462240524
539,0.701230296
540,0.7506506614
541,0.740150153
542,0.6598909402
543,0.7229982493
544,0.8600735948
545,0.6905032382
546,0.6905032382
547,0.7345838259
548,0.7764162361
549,0.8056197287
550,0.765557157
551,0.6986352416
552,0.6469074637
553,0.7149588278
554,0.839779272
555,0.8501108268
556,0.8501108268
557,0.8702345373
558,0.6339020053
559,0.6485314965
560,0.8336936277
561,0.7215619913
562,0.7215619913
563,0.7180639586
564,0.6697943368
565,0.6610686057
566,0.837884371
567,0.7933216201
568,0.7933216201
569,0.8220894471
570,0.8157146304
571,0.7671184124
572,0.7682541143
573,0.8496146898
574,0.8424635055
575,0.8787886915
576,0.7643201567
577,0.7360985665
578,0.8320003933
579,0.8052980677
580,0.6867952667
581,0.6842675006
582,0.6377288107
583,0.7219928246
584,0.694893929
585,0.7766683179
586,0.8078745415
587,0.8113556823
588,0.8113556823
589,0.883457424
590,0.6917237658
591,0.7951657829
592,0.8484269677
593,0.7491440847
594,0.7110840576
595,0.6800105242
596,0.6967610919
597,0.7895763374
598,0.7745507113
599,0.8076862872
600,0.712165731
601,0.7373503084
602,0.7700978284
603,0.8121399452
604,0.7416206413
605,0.7000078711
606,0.6758036454
607,0.8509767894
608,0.7759334339
609,0.7614030117
610,0.6875673091
611,0.6847120153
612,0.8260068127
613,0.7711296062
614,0.7155680722
615,0.6883394825
616,0.7682145186
617,0.8714435444
618,0.7573342789
619,0.6780803408
620,0.6599924889
621,0.8792072418
622,0.7087270941
623,0.736306795
624,0.8103264092
625,0.8705354401
626,0.8705354401
627,0.7098456246
628,0.7098456246
629,0.6666060628
630,0.856266642
631,0.856266642
632,0.856266642
633,0.7232594676
634,0.7232594676
635,0.6555210189
636,0.6433667009
637,0.7752167232
638,0.6176366859
639,0.7755508635
640,0.6978069784
641,0.7592406473
642,0.7568196191
643,0.7101127327
644,0.7259541832
645,0.8356813611
646,0.6648658029
647,0.8513773449
648,0.8281175755
649,0.6988940766
650,0.7847553407
651,0.7847553407
652,0.8463624432
653,0.8030571116
654,0.7285762745
655,0.6533955002
656,0.8143411869
657,0.7504401864
658,0.6707363672
659,0.6627598696
660,0.7938099224
661,0.8319464528
662,0.8161003829
663,0.8161003829
664,0.7518476122
665,0.6834133615
666,0.6664370977
667,0.7691679308
668,0.7495605614
669,0.8467484432
670,0.746913024
671,0.7931736176
672,0.6627931261
673,0.7382003439
674,0.7022242562
675,0.6945886131
676,0.8531416308
677,0.8531416308
678,0.675326549
679,0.854281314
680,0.7714221301
681,0.7356428401
682,0.7756297422
683,0.6786218217
684,0.6786218217
685,0.7940048455
686,0.7568541552
687,0.8698202055
688,0.7941384423
689,0.7965458891
690,0.7842672317
691,0.7842672317
692,0.6700783501
693,0.7044032201
694,0.7044032201
695,0.8749305212
696,0.7040306651
697,0.7482341693
698,0.8293779679
699,0.832876907
700,0.7000533487
701,0.6194701662
702,0.7706870424
703,0.7706870424
704,0.8197533682
705,0.8614102704
706,0.7179209103
707,0.8386092612
708,0.82604878
709,0.685632817
710,0.8007394474
711,0.7481146218
712,0.7178509098
713,0.7578793535
714,0.8116764434
715,0.6909126693
716,0.6350837441
717,0.8411991093
718,0.8438194389
719,0.7181115284
720,0.7658677687
721,0.7248246083
722,0.8018960796
723,0.8018960796
724,0.8914580995
725,0.7951514976
726,0.822494911
727,0.8654362389
728,0.8278245086
729,0.7940788867
730,0.859012016
731,0.7336207552
732,0.9171311922
733,0.6415798337
734,0.8254216068
735,0.7549946277
736,0.7843758289
737,0.7843758289
738,0.7356383427
739,0.8034749925
740,0.6567787877
741,0.7328344425
742,0.7328344425
743,0.8708661022
744,0.763250706
745,0.7063436422
746,0.8710741977
747,0.8388671735
748,0.8434981683
749,0.8618143438
750,0.835770703
751,0.8183475094
752,0.7552303533
753,0.7552303533
754,0.7941543043
755,0.7351542237
756,0.8524070299
757,0.8831379215
758,0.7512117919
759,0.6472359376
760,0.7055943356
761,0.7908014389
762,0.7144053779
763,0.8199967493
764,0.8848866822
765,0.8389065038
766,0.8244113206
767,0.6741173813
768,0.7817027276
769,0.7633404614
770,0.7037422198
771,0.6604389152
772,0.8926141975
773,0.6901897305
774,0.8024523488
775,0.6847641016
776,0.7604308357
777,0.7866336593
778,0.7954151664
779,0.6936982347
780,0.8260388286
781,0.7061280753
782,0.7861113241
783,0.7575715557
784,0.8711560667
785,0.7906826497
786,0.6506719811
787,0.6701215249
788,0.7806193412
789,0.8659179371
790,0.8294306368
791,0.755723076
792,0.7448990624
793,0.6894462077
794,0.7366062945
795,0.8017904519
796,0.8230822508
797,0.7196128075
798,0.7350919936
799,0.7833941095
800,0.6809502809
801,0.7740574639
802,0.7740574639
803,0.7021369193
804,0.7224557799
805,0.8777125999
806,0.7419628078
807,0.7583541105
808,0.8112193784
809,0.6690762301
810,0.6801802172
811,0.8683449569
812,0.7223490784
813,0.8966489961
814,0.8697666486
815,0.7304384007
816,0.7620013402
817,0.7353119443
818,0.7353119443
819,0.6852383076
820,0.7516745574
821,0.84146959
822,0.7497262199
823,0.7497262199
824,0.8265489319
825,0.7475047482
826,0.7857837116
827,0.8611300489
828,0.8063041079
829,0.8275999671
830,0.7693500065
831,0.7457700509
832,0.7457700509
833,0.7553276652
834,0.8391538988
835,0.6444055918
836,0.751331716
837,0.6876736005
838,0.6912554197
839,0.7264834529
840,0.9079987967
841,0.7954530762
842,0.7672292214
843,0.6502699454
844,0.6502699454
845,0.8011952671
846,0.8011952671
847,0.8389364112
848,0.7861728491
849,0.7425592521
850,0.7479813011
851,0.6546581435
852,0.8083633404
853,0.8088312462
854,0.7513221251
855,0.7959246031
856,0.7568653542
857,0.6813217262
858,0.7019373149
859,0.7147103719
860,0.6648044271
861,0.8967238392
862,0.6658491078
863,0.720410949
864,0.6327666648
865,0.6731967201
866,0.7411154598
867,0.6936958299
868,0.748375393
869,0.9401372323
870,0.6895463818
871,0.6626581112
872,0.6929995687
873,0.8755634056
874,0.8755634056
875,0.7245830684
876,0.8741810742
877,0.7484700801
878,0.8579655761
879,0.6369630915
880,0.7092391762
881,0.837669758
882,0.8552022442
883,0.7281524934
884,0.7057518724
885,0.6362154926
886,0.7134720213
887,0.6796794515
888,0.7729189127
889,0.7729189127
890,0.7787056092
891,0.7092293149
892,0.7647733128
893,0.7680566191
894,0.782774205
895,0.8676410692
896,0.6844962214
897,0.7940457756
898,0.7719441151
899,0.7172891046
900,0.85184773
901,0.788743206
902,0.657374609
903,0.657374609
904,0.7537744538
905,0.8477748563
906,0.8300222633
907,0.853730326
908,0.6604885717
909,0.822482978
910,0.8045334226
911,0.8106263721
912,0.7958945743
913,0.7958945743
914,0.6860009477
915,0.7540967115
916,0.7418452168
917,0.7783329958
918,0.7226517434
919,0.6475420005
920,0.6969536795
921,0.7755035219
922,0.8462151361
923,0.8287088512
924,0.7707589742
925,0.8410696033
926,0.7757872609
927,0.6629202716
928,0.6708311373
929,0.8918761549
930,0.8588644551
931,0.8356230465
932,0.8287711807
933,0.76867132
934,0.8552339365
935,0.72239442
936,0.7630141179
937,0.6607506606
938,0.7289405779
939,0.7811409165
940,0.7573270472
941,0.8573520885
942,0.7601744838
943,0.8253161849
944,0.7430455161
945,0.6682714729
946,0.8772473956
947,0.851692264
948,0.8606709896
949,0.8606709896
950,0.8606709896
951,0.7618709888
952,0.7419791985
953,0.7810960223
954,0.6261326442
955,0.7346186359
956,0.7332268042
957,0.7113290962
958,0.6137685344
959,0.74242686
960,0.7804566552
961,0.7188003813
962,0.8193690675
963,0.8100009846
964,0.7073925107
965,0.7095304229
966,0.7131663581
967,0.6886111651
968,0.6886111651
969,0.830658105
970,0.8230200258
971,0.7174245586
972,0.8025078739
973,0.8025078739
974,0.7119136066
975,0.7496800946
976,0.6565835369
977,0.6187915025
978,0.8275713117
979,0.7219274492
980,0.875582801
981,0.8988203713
982,0.7981100282
983,0.7721867993
984,0.7571916963
985,0.7214916104
986,0.8148114699
987,0.7701177568
988,0.7449436883
989,0.7719489145
990,0.7185571523
991,0.8832457528
992,0.8832457528
993,0.6908864834
994,0.8562242545
995,0.6824466602
996,0.6953692651
997,0.750793968
998,0.7644279443
999,0.7585153735
1000,0.831024684
1001,0.816635454
1002,0.7767106335
1003,0.7767106335
1004,0.8385069288
1005,0.6695657491
1006,0.6695657491
1007,0.7061077149
1008,0.7130731208
1009,0.7130731208
1010,0.7059719241
1011,0.6515999642
1012,0.6837105415
1013,0.5968550731
1014,0.6872622203
1015,0.7417400766
1016,0.6816519777
1017,0.7561697198
1018,0.6688471078
1019,0.6231933281
1020,0.7580598579
1021,0.7499054981
1022,0.8547168956
1023,0.8411511537
1024,0.6168267339
1025,0.7961521859
1026,0.6668697867
1027,0.7802308836
1028,0.6125709009
1029,0.6817611247
1030,0.6247191911
1031,0.7832339882
1032,0.7642003703
1033,0.6777556726
1034,0.6851418725
1035,0.8648552701
1036,0.8711981935
1037,0.8356258224
1038,0.7267860341
1039,0.7179431701
1040,0.7529130399
1041,0.8595923005
1042,0.7284072204
1043,0.7321013906
1044,0.8232965082
1045,0.7358454214
1046,0.6701851321
1047,0.7723401044
1048,0.7913497515
1049,0.8769843495
1050,0.6437259673
1051,0.832732063
1052,0.8260194191
1053,0.8438611358
1054,0.8055288987
1055,0.6443873615
1056,0.741383557
1057,0.8086260967
1058,0.642241546
1059,0.7945272714
1060,0.6156604629
1061,0.7404020773
1062,0.7760224106
1063,0.7907392988
1064,0.856163559
1065,0.7302283505
1066,0.6527496343
1067,0.8230403058
1068,0.8230403058
1069,0.748737781
1070,0.8025535202
1071,0.8313302898
1072,0.8252209837
1073,0.771089734
1074,0.771089734
1075,0.7425613871
1076,0.7727256927
1077,0.6804123312
1078,0.7476172548
1079,0.8371392982
1080,0.7289427481
1081,0.7392697566
1082,0.7858388561
1083,0.7540206782
1084,0.7851438442
1085,0.7037923855
1086,0.7615328607
1087,0.7558724086
1088,0.7558724086
1089,0.8544301951
1090,0.8628685941
1091,0.6886508806
1092,0.7167494405
1093,0.6822783599
1094,0.753629935
1095,0.7090526665
1096,0.5920404691
1097,0.6516255617
1098,0.7598028588
1099,0.8346352167
1100,0.7460086894
1101,0.8257817581
1102,0.756358579
1103,0.8464024448
1104,0.6632908358
1105,0.8079888733
1106,0.7985282704
1107,0.8584429874
1108,0.780790933
1109,0.7354390799
1110,0.8641242126
1111,0.7088292746
1112,0.7094461655
1113,0.7420841747
1114,0.7420841747
1115,0.7472663846
1116,0.8600576086
1117,0.6945254112
1118,0.6945254112
1119,0.6941249376
1120,0.6941249376
1121,0.788263362
1122,0.688443986
1123,0.7487510839
1124,0.7187948365
1125,0.8034397951
1126,0.6644010755
1127,0.8100274356
1128,0.8100274356
1129,0.7895004099
1130,0.7331203634
1131,0.6685303833
1132,0.6685303833
1133,0.7368217018
1134,0.8295316314
1135,0.7781144632
1136,0.8584789626
1137,0.8107205214
1138,0.7951718798
1139,0.7096828056
1140,0.7745136054
1141,0.7893870522
1142,0.8131215763
1143,0.7031246137
1144,0.7381555894
1145,0.712131219
1146,0.7315681516
1147,0.648939493
1148,0.784243763
1149,0.784243763
1150,0.8442267264
1151,0.8442267264
1152,0.8432380045
1153,0.8432380045
1154,0.7944772184
1155,0.7060652653
1156,0.755118104
1157,0.6798482425
1158,0.6561972135
1159,0.7563693183
1160,0.6601471614
1161,0.7512944197
1162,0.7518018341
1163,0.8205533481
1164,0.66390314
1165,0.6988097658
1166,0.7488685026
1167,0.825613388
1168,0.7699132996
1169,0.7109097406
1170,0.7541277086
1171,0.7699285858
1172,0.7699285858
1173,0.8367706209
1174,0.7673053149
1175,0.6244614407
1176,0.8202446076
1177,0.7424754993
1178,0.8229280238
1179,0.8357602667
1180,0.7168462622
1181,0.6697797667
1182,0.7273974411
1183,0.6916538456
1184,0.6916538456
1185,0.8002431537
1186,0.6893476026
1187,0.771945275
1188,0.7469662429
1189,0.7183323303
1190,0.8242413884
1191,0.7403692276
1192,0.7720804081
1193,0.8040687567
1194,0.7317503135
1195,0.698881834
1196,0.7205905773
1197,0.7205905773
1198,0.7692917387
1199,0.7611944606
1200,0.7481768568
1201,0.855943389
1202,0.7437743083
1203,0.6651587613
1204,0.7346298118
1205,0.7346298118
1206,0.8611775978
1207,0.6517735843
1208,0.7288779357
1209,0.7687219026
1210,0.7143102663
1211,0.6582707604
1212,0.6582707604
1213,0.8314584017
1214,0.8408350576
1215,0.8093132189
1216,0.6965342492
1217,0.6965342492
1218,0.8199239759
1219,0.7979490166
1220,0.7458180456
1221,0.8695275746
1222,0.8251686281
1223,0.6890914522
1224,0.7098472751
1225,0.7098472751
1226,0.8169022839
1227,0.8397527425
1228,0.6776717251
1229,0.757682573
1230,0.743019318
1231,0.8157514056
1232,0.7859980913
1233,0.8291715003
1234,0.6875431106
1235,0.6913966296
1236,0.7357527247
1237,0.8789611401
1238,0.7707158085
1239,0.8408460406
1240,0.7430304151
1241,0.7430304151
1242,0.7930924439
1243,0.7353644913
1244,0.7613068945
1245,0.7561782401
1246,0.6730271563
1247,0.647585717
1248,0.8012561093
1249,0.8106565146
1250,0.8435962567
1251,0.7608596416
1252,0.9134577994
1253,0.6676666002
1254,0.8415218176
1255,0.8124033133
1256,0.7812684762
1257,0.614897774
1258,0.7112940756
1259,0.695550086
1260,0.7278115363
1261,0.7824504565
1262,0.8115996539
1263,0.7550212433
1264,0.8240804183
1265,0.7504855512
1266,0.8179481005
1267,0.6998187838
1268,0.8234038439
1269,0.8234038439
1270,0.712044935
1271,0.8542388602
1272,0.7966188464
1273,0.7489490774
1274,0.7637372866
1275,0.6625970562
1276,0.8429350994
1277,0.8080504926
1278,0.7504814199
1279,0.7504814199
1280,0.7716704379
1281,0.6988165124
1282,0.8691232715
1283,0.666993787
1284,0.7440534644
1285,0.7633761275
1286,0.7937040664
1287,0.7370264402
1288,0.7818788053
1289,0.7239479082
1290,0.7289456456
1291,0.7289456456
1292,0.6940640319
1293,0.7311969877
1294,0.7259270573
1295,0.7406481483
1296,0.8407416232
1297,0.6471100157
1298,0.7396289152
1299,0.7396289152
1300,0.8356698207
1301,0.8376943898
1302,0.7388124579
1303,0.7412568569
1304,0.7231023292
1305,0.6653705751
1306,0.6834441662
1307,0.8268925418
1308,0.685506296
1309,0.6523896737
1310,0.7904891382
1311,0.8589118521
1312,0.7782224631
1313,0.7814217723
1314,0.6620015051
1315,0.8013888457
1316,0.6781062425
1317,0.7099548107
1318,0.7721059697
1319,0.7937381558
1320,0.7981285472
1321,0.6367657654
1322,0.8600264182
1323,0.7484660197
1324,0.8200945442
1325,0.7049105622
1326,0.7533483171
1327,0.6891134576
1328,0.6868817306
1329,0.6431795561
1330,0.8202551735
1331,0.743595312
1332,0.6805808649
1333,0.6490722271
1334,0.6740735986
1335,0.8297685676
1336,0.8480642606
1337,0.8795969384
1338,0.6961969851
1339,0.6554887041
1340,0.7765818498
1341,0.8010408053
1342,0.855735994
1343,0.6769317328
1344,0.8376249781
1345,0.6694618284
1346,0.6694618284
1347,0.7284537166
1348,0.7849197141
1349,0.7849197141
1350,0.7736378738
1351,0.7736378738
1352,0.8651757905
1353,0.7336864334
1354,0.841953967
1355,0.7634067772
1356,0.7588219778
1357,0.8063129926
1358,0.5895107731
1359,0.7204965194
1360,0.661599025
1361,0.661599025
1362,0.7134104529
1363,0.7856850684
1364,0.7049816513
1365,0.787326722
1366,0.6643757916
1367,0.7272410344
1368,0.7264607415
1369,0.7519611566
1370,0.7245042074
1371,0.8296511023
1372,0.748390833
1373,0.8396356528
1374,0.6815245255
1375,0.6815245255
1376,0.7299405466
1377,0.8752635639
1378,979.69944876
1379,0.8525701547
1380,0.6943630631
1381,0.8336752343
1382,0.7038518173
1383,0.6900734568
1384,0.6984892815
1385,0.7903349749
1386,0.8381386745
1387,0.8588458904
1388,0.8043041774
1389,0.7320105459
1390,0.7320105459
1391,0.8404002241
1392,0.8404002241
1393,0.8197859739
1394,0.8037741814
1395,0.8221345983
1396,0.8221345983
1397,0.7840546098
1398,0.8617758528
1399,0.8249533236
1400,0.749800012
1401,0.7454995515
1402,0.8077329173
1403,0.6724387361
1404,0.7432543872
1405,0.7294319498
1406,0.8375928553
1407,0.7046834594
1408,0.8659219393
1409,0.8260198555
1410,0.8094327395
1411,0.7324786511
1412,0.6668841112
1413,0.7332501731
1414,0.7332501731
1415,0.6973546773
1416,0.6811124756
1417,0.7086243913
1418,0.6753083642
1419,0.8845005448
1420,0.884211531
1421,0.7726627495
1422,0.8615684775
1423,0.8224033267
1424,0.6993793175
1425,0.770514622
1426,0.6321408907
1427,0.828821687
1428,0.6504414254
1429,0.8933006453
1430,0.8255722815
1431,0.8212201116
1432,0.7639118634
1433,0.6668936081
1434,0.8474765127
1435,0.7908413066
1436,0.8668603645
1437,0.7197329401
1438,0.6305201789
1439,0.8429850581
1440,0.6941652426
1441,0.6941652426
1442,0.888983941
1443,0.888983941
1444,0.7889383181
1445,0.8033994521
1446,0.8510426302
1447,0.7418030906
1448,0.8354803255
1449,0.7306265153
1450,0.7865196938
1451,0.7865196938
1452,0.7379950262
1453,0.8741714253
1454,0.8741714253
1455,0.7730582828
1456,0.7091346138
1457,0.697957667
1458,0.7255489282
1459,0.7255489282
1460,0.7424672285
1461,0.888487659
1462,0.9115633823
1463,0.6812616287
1464,0.6812616287
1465,0.7451451921
1466,0.7928565866
1467,0.7920526377
1468,0.7920526377
1469,0.7920526377
1470,0.7939957916
1471,0.6689637554
1472,0.7527704796
1473,0.7864515888
1474,0.8401425391
1475,0.7438720139
1476,0.6172324589
1477,0.6172324589
1478,0.8375330713
1479,0.8127447498
1480,0.7869792134
1481,0.6715963375
1482,0.7833602916
1483,0.7410185793
1484,0.6827563768
1485,0.7073007633
1486,0.867666003
1487,0.8620818461
1488,0.777325993
1489,0.7590658615
1490,0.7984708819
1491,0.7939131977
1492,0.6273977843
1493,0.7235558716
1494,0.735848612
1495,0.7239517224
1496,0.8446071644
1497,0.8446071644
1498,0.6278869307
1499,0.6967425403
1500,0.7412757628
1501,0.8959114828
1502,0.856006411
1503,0.733434832
1504,0.7808167083
1505,0.6322038998
1506,0.8435375726
1507,0.785062957
1508,0.7082548449
1509,0.8915138451
1510,0.8915138451
1511,1.5463385333
1512,1.5463385333
1513,0.6366817181
1514,0.798145489
1515,0.6590675682
1516,0.6543316979
1517,0.8009299306
1518,0.7034583733
1519,0.7709359763
1520,0.7022978964
1521,0.681992763
1522,0.8365990384
1523,0.8736011216
1524,0.8736011216
1525,0.6525974858
1526,0.8447623512
1527,0.8447623512
1528,0.8457982821
1529,0.766338039
1530,0.7098185995
1531,0.9126548988
1532,0.7361556731
1533,0.9054590327
1534,0.8501183687
1535,0.8571527855
1536,0.840407347
1537,0.7891900001
1538,0.8585934957
1539,0.8585934957
1540,0.8076515953
1541,0.7675092534
1542,0.5930119477
1543,0.6912719859
1544,0.7477481367
1545,0.7049990009
1546,0.6484966519
1547,0.7026807442
1548,0.6628115889
1549,0.7187408173
1550,0.8193857729
1551,0.8450001096
1552,0.7173300008
1553,0.6855318847
1554,0.649024498
1555,0.8382079611
1556,0.647399921
1557,0.6848515937
1558,0.7962930311
1559,0.8757620534
1560,0.8757620534
1561,0.7559904902
1562,0.833228732
1563,0.8739520258
1564,0.6227402683
1565,0.7748913449
1566,0.7984511927
1567,0.7669530454
1568,0.8149696882
1569,0.8620883412
1570,0.6434449441
1571,0.6434449441
1572,0.8153701328
1573,0.6788948869
1574,0.7548106977
1575,0.8762438838
1576,0.7547508763
1577,0.6922188704
1578,0.6922188704
1579,0.7150167473
1580,0.6792843224
1581,0.6563929354
1582,0.7917468834
1583,0.8079613326
1584,0.7319046489
1585,0.7497514216
1586,0.8393177209
1587,0.8069011777
1588,0.7120071195
1589,0.7475351094
1590,0.667545961
1591,0.6668725597
1592,0.7670525827
1593,0.841996006
1594,0.6876634545
1595,0.7541786585
1596,0.6897822519
1597,0.6957476903
1598,0.6992884605
1599,0.8788535454
1600,0.6517939179
1601,0.724314167
1602,0.7546782573
1603,0.6730100978
1604,0.6586429531
1605,0.7144750352
1606,0.7751407369
1607,0.72322088
1608,0.8210557103
1609,0.7869402502
1610,0.7646525816
1611,0.7577881547
1612,0.7444110149
1613,0.7444110149
1614,0.7444110149
1615,0.7444110149
1616,0.8033819669
1617,0.8433240038
1618,0.830364736
1619,0.830364736
1620,0.7274377355
1621,0.6918124105
1622,0.8580810066
1623,0.8385479593
1624,0.828412928
1625,0.6700495675
1626,0.7000360238
1627,0.8053476482
1628,0.8839937736
1629,0.7423852256
1630,0.7331158102
1631,0.7476856953
1632,0.7482992289
1633,0.6134307715
1634,0.7355048222
1635,0.8617224554
1636,0.8027708558
1637,0.7024408247
1638,0.7372783081
1639,0.7258287431
1640,0.7869826785
1641,0.663170533
1642,0.8607333682
1643,0.7325395977
1644,0.8352432063
1645,0.8352432063
1646,0.6833596559
1647,0.6830625747
1648,0.8840408026
1649,0.7951977722
1650,0.7620616704
1651,0.8634560353
1652,0.8503302284
1653,0.8774287834
1654,0.8774287834
1655,0.7909736583
1656,0.7405633649
1657,0.7574081232
1658,0.823458094
1659,0.768083885
1660,0.7326171833
1661,0.6564953118
1662,0.8511106537
1663,0.8954523262
1664,0.8050256421
1665,0.7925529895
1666,0.7662025702
1667,0.7784443981
1668,0.8098250613
1669,0.8586043151
1670,0.7650222911
1671,0.6947416711
1672,0.8460581295
1673,2.3232880744
1674,0.6851183296
1675,0.7343966075
1676,0.7343966075
1677,0.823899829
1678,0.823899829
1679,0.8309630965
1680,0.8103191979
1681,0.6785472084
1682,0.8409294126
1683,0.6520261057
1684,0.7453587436
1685,0.725364613
1686,0.6708269104
1687,0.6347595516
1688,0.8363481968
1689,0.8363481968
1690,0.6838956712
1691,0.7257261681
1692,0.8660018455
1693,0.7419416159
1694,0.7864323354
1695,0.7393004224
1696,0.8043931454
1697,0.8926561104
1698,0.7700915693
1699,0.8065295141
1700,0.6418966655
1701,0.8419408371
1702,0.6967262037
1703,0.811819599
1704,0.7306091084
1705,0.7047281803
1706,0.7561707896
1707,0.76098611
1708,0.8076955881
1709,0.8076955881
1710,0.681182076
1711,0.7709034137
1712,0.7380058113
1713,0.7176987323
1714,0.6414922783
1715,0.727599792
1716,0.727599792
1717,0.7102741074
1718,0.7309431181
1719,0.8120784945
1720,0.874467867
1721,0.8362674567
1722,0.7419654458
1723,0.7133837847
1724,0.8460560435
1725,0.7957638179
1726,0.8465780117
1727,0.7963354436
1728,0.7636955936
1729,0.8538689121
1730,0.7798140916
1731,0.6844842606
1732,0.7407781992
1733,0.7386722438
1734,0.8226838497
1735,0.7616135999
1736,0.7440682167
1737,0.8251346208
1738,0.8487385718
1739,0.660237361
1740,0.7867256536
1741,0.6901647455
1742,0.8294364762
1743,0.8638504535
1744,0.8464191023
1745,0.7723631752
1746,0.7661101415
1747,0.6572805519
1748,0.673115137
1749,0.8878718168
1750,0.7886291764
1751,0.6918809015
1752,0.7812203667
1753,0.6486738588
1754,0.6627210443
1755,0.7726020657
1756,0.7576129267
1757,0.7960182301
1758,0.768856512
1759,0.7857939481
1760,0.6983673617
1761,0.6983673617
1762,0.798931867
1763,0.7182765175
1764,0.7628468865
1765,0.7102245902
1766,0.7102245902
1767,0.7011510892
1768,0.7141530958
1769,0.7299975529
1770,0.8625198018
1771,0.7197196993
1772,0.667733225
1773,0.7304459362
1774,0.8465825473
1775,0.8465825473
1776,0.7374941757
1777,0.6880729179
1778,0.8496690646
1779,0.7589537568
1780,0.7756059845
1781,0.6975109696
1782,0.6975109696
1783,0.6825453151
1784,0.6768532974
1785,0.869045106
1786,0.6459627694
1787,0.812696936
1788,0.6047628211
1789,0.6860820178
1790,0.8044349911
1791,0.8044349911
1792,0.6725172886
1793,0.7072995526
1794,0.8080875163
1795,0.701342993
1796,0.8192410504
1797,0.8319365088
1798,0.8246382286
1799,0.6753279115
1800,0.7634473523
1801,0.6969228492
1802,0.769279361
1803,0.7590157382
1804,0.7590157382
1805,0.6067930242
1806,0.6207802128
1807,0.6592293575
1808,0.7163083917
1809,0.8145818699
1810,0.6616372218
1811,0.6616372218
1812,0.7833318145
1813,0.6956220572
1814,0.8530930731
1815,0.8530930731
1816,0.7033512846
1817,0.8360277307
1818,0.8278776849
1819,0.7785378583
1820,0.7585104508
1821,0.6341967203
1822,0.7455287585
1823,0.6431725347
1824,0.7402940184
1825,0.7402940184
1826,0.8374263722
1827,0.7149195666
1828,0.8216844697
1829,0.8216844697
1830,0.8256131978
1831,0.6713243138
1832,0.8378851713
1833,0.6624363615
1834,0.6624363615
1835,0.7152835197
1836,0.7475424705
1837,0.7539331844
1838,0.7013852708
1839,0.844086163
1840,0.8721652689
1841,0.8721652689
1842,0.5634726538
1843,0.7913824314
1844,0.7597394427
1845,0.8560030419
1846,0.7044482681
1847,0.7731435915
1848,0.740893372
1849,0.740893372
1850,0.8196753492
1851,0.7111191613
1852,0.6914105892
1853,0.8110775497
1854,0.8110775497
1855,0.7396093691
1856,0.7521452933
1857,0.8316429508
1858,0.8316429508
1859,0.8422475262
1860,0.8252256345
1861,0.8171586849
1862,0.7818967604
1863,0.8363610849
1864,0.8430384282
1865,0.6092084057
1866,0.7565490934
1867,0.7357452534
1868,0.7986852634
1869,0.7101397926
1870,0.8033912031
1871,0.662884434
1872,0.7267292915
1873,0.8611846862
1874,0.7381354078
1875,0.7381354078
1876,0.7289943
1877,0.7882849108
1878,0.7769991985
1879,0.7299163635
1880,0.7891794476
1881,0.7185331921
1882,0.7937328373
1883,0.7430997675
1884,0.8546722974
1885,0.8153683659
1886,0.6831362098
1887,0.7014967846
1888,0.8339343425
1889,0.7761821995
1890,0.6645604986
1891,0.684232758
1892,0.7953120246
1893,0.7358902636
1894,0.7358902636
1895,0.6491391739
1896,0.7115489773
1897,0.8186580744
1898,0.9088789917
1899,0.7245988383
1900,0.8492371949
1901,0.7375832418
1902,0.8012068537
1903,0.794862619
1904,0.6430026929
1905,0.6624313431
1906,0.760363285
1907,0.6864663023
1908,0.9018964843
1909,0.8605854759
1910,0.6599420639
1911,0.6942360773
1912,0.626099519
1913,0.7752243752
1914,0.7752243752
1915,0.7752243752
1916,0.7659682556
1917,0.8887368537
1918,0.8887368537
1919,0.6717811363
1920,0.7914710862
1921,0.6580481765
1922,0.6329696695
1923,0.6329696695
1924,0.7750749761
1925,0.7750749761
1926,0.7860262809
1927,0.805928107
1928,0.8539731852
1929,0.7770152305
1930,0.7209792202
1931,0.8128312789
1932,0.7998231553
1933,0.7998231553
1934,0.7998231553
1935,0.7843375499
1936,0.7373631122
1937,0.727173732
1938,0.7439271118
1939,0.6985367167
1940,0.6985367167
1941,0.8430449365
1942,0.662785887
1943,0.7882741496
1944,0.6303242978
1945,0.7378861747
1946,0.7850065641
1947,0.8750979541
1948,0.7099291557
1949,0.8301979777
1950,0.7742401206
1951,0.6643616607
1952,0.7068618058
1953,0.7982003019
1954,0.759569029
1955,0.8588762012
1956,0.7931788948
1957,0.8172612925
1958,0.8166161644
1959,0.7427090075
1960,0.7857276023
1961,0.8193560352
1962,0.7570340561
1963,0.7631568892
1964,0.7631568892
1965,0.7052624734
1966,0.7052624734
1967,0.7433668756
1968,0.8165084419
1969,0.7611194259
1970,0.7611194259
1971,0.7611194259
1972,0.7611194259
1973,0.7987769153
1974,0.763616309
1975,0.6763550554
1976,0.8695134266
1977,0.6055300555
1978,0.6055300555
1979,0.8373249112
1980,0.7157649264
1981,0.7869619616
1982,0.7911642642
1983,0.7565772031
1984,0.8606953559
1985,0.6601274684
1986,0.8699496837
1987,0.7401309258
1988,0.7014279897
1989,0.8049245905
1990,0.7902103067
1991,0.7821527528
1992,0.7996952051
1993,0.8622716874
1994,0.7313778875
1995,0.7312003343
1996,0.8726505468
1997,0.7282866828
1998,0.7102250929
1999,0.7248031627
2000,0.832695013
2001,0.8562889937
2002,0.6941350888
2003,0.7449487474
2004,0.6720996538
2005,0.6859152001
2006,0.6859152001
2007,0.8561982613
2008,0.8866238182
2009,0.8707936093
2010,0.7836416238
2011,0.6989135329
2012,0.847792682
2013,0.7107906016
2014,0.7107906016
2015,0.6602322077
2016,0.7314826021
2017,0.8060509193
2018,0.6528668884
2019,0.6480546007
2020,0.7196227759
2021,0.8444184758
2022,0.8947190959
2023,0.7615560045
2024,0.7230234278
2025,0.7423249595
2026,0.7423249595
2027,0.7814749428
2028,0.8405732488
2029,0.8971789936
2030,0.8037105834
2031,0.6830041231
2032,0.7023233168
2033,0.6590034104
2034,0.6590034104
2035,0.6458001361
2036,0.860811013
2037,0.860811013
2038,0.7256116543
2039,0.6900087508
2040,0.8415414076
2041,0.6936018509
2042,0.7169192261
2043,0.7960900957
2044,0.708022018
2045,0.773614686
2046,0.760022867
2047,0.6962615626
2048,0.7491979386
2049,0.6683354894
2050,0.8860201845
2051,0.8188735545
2052,0.6419059964
2053,0.843639053
2054,0.8314671973
2055,0.8647387154
2056,0.8620688446
2057,0.8159331927
2058,0.7262184964
2059,0.6401416739
2060,0.6401416739
2061,0.6466485546
2062,0.6949130773
2063,0.8371009381
2064,0.7033490957
2065,0.8267618353
2066,0.8044980213
2067,0.7044230739
2068,0.859680537
2069,0.7024339898
2070,0.8300044797
2071,0.727975986
2072,0.8406929041
2073,0.6696805772
2074,0.6714337807
2075,0.8015464696
2076,0.6874840851
2077,0.6964964081
2078,0.7168267222
2079,0.6597198649
2080,0.6597198649
2081,0.7260606535
2082,0.6695918487
2083,0.8591709691
2084,0.7068468642
2085,0.7385821921
2086,0.8028365035
2087,0.8028365035
2088,0.7694451709
2089,0.8690625421
2090,0.6851572954
2091,0.8294711373
2092,0.7474047493
2093,0.8485735066
2094,0.7654026949
2095,0.877974481
2096,0.7066133337
2097,0.7222765425
2098,0.6693233107
2099,0.5430118325
2100,0.7599299968
2101,0.8805618759
2102,0.8484233919
2103,0.8652396417
2104,0.8651704921
2105,0.6839778146
2106,0.8066799129
2107,0.8280629016
2108,0.6093819119
2109,0.7041556324
2110,0.8188479421
2111,0.8318193945
2112,0.7294223451
2113,0.7086241161
2114,0.8501430668
2115,0.8013750679
2116,0.836506722
2117,0.6722216263
2118,0.655793782
2119,0.7766199459
2120,0.7766199459
2121,0.6946971219
2122,0.7097241411
2123,0.7097241411
2124,0.6106785912
2125,0.7800772656
2126,0.8779996089
2127,0.6813455967
2128,0.6950786631
2129,0.7195912908
2130,0.7195912908
2131,0.6945504946
2132,0.7141654047
2133,0.7721940928
2134,0.5825487944
2135,0.7794478637
2136,0.7154556373
2137,0.8351630922
2138,0.7823891047
2139,0.7607651355
2140,0.7221719235
2141,0.8846273251
2142,0.8846273251
2143,0.8846273251
2144,0.6822601309
2145,0.7423700451
2146,0.6114422031
2147,0.7203384828
2148,0.8615055515
2149,0.6770544922
2150,0.693847447
2151,0.7091197276
2152,0.7799270564
2153,0.826846876
2154,0.710756734
2155,0.6287998408
2156,0.7953752895
2157,0.8258440044
2158,0.8366432383
2159,0.8783717593
2160,0.8074584034
2161,0.8074584034
2162,0.8216806053
2163,0.7631318844
2164,0.8317960415
2165,0.7727621773
2166,0.7727621773
2167,0.6078718126
2168,0.7946544406
2169,0.7475229019
2170,0.620085981
2171,0.740328726
2172,0.6504753261
2173,0.8022191035
2174,0.8022191035
2175,0.6429035102
2176,0.8459936424
2177,0.7382841556
2178,0.6818247492
2179,0.8059143753
2180,0.8525662346
2181,0.8525662346
2182,0.6674527318
2183,0.6707271145
2184,0.8335409909
2185,0.5994043123
2186,0.5994043123
2187,0.6500025094
2188,0.7913786309
2189,0.7097063016
2190,0.7097063016
2191,0.7040915866
2192,0.8031368772
2193,0.7445692735
2194,0.8142767181
2195,0.8477163955
2196,0.6349293508
2197,0.7720233234
2198,0.7233598445
2199,0.6190957312
2200,0.8540721863
2201,0.6557534994
2202,0.7521047918
2203,0.7859360331
2204,0.7882465046
2205,0.7221302301
2206,0.6651204967
2207,0.7068024318
2208,0.7068024318
2209,0.6910996097
2210,0.7431881727
2211,0.8470347991
2212,0.6641079585
2213,0.6641079585
2214,0.7518674645
2215,0.6564924027
2216,0.6066483926
2217,0.8904435262
2218,0.7086557713
2219,0.7902395101
2220,0.715924054
2221,0.7344793325
2222,0.7344793325
2223,0.6751134523
2224,0.7260397034
2225,0.8313932147
2226,0.8313932147
2227,0.6330897346
2228,0.6606965374
2229,0.6683662984
2230,0.7133053317
2231,0.6188368628
2232,0.7434543617
2233,0.6443184114
2234,0.7056893377
2235,0.6807571583
2236,0.5737032445
2237,0.7098559455
2238,0.6864249247
2239,0.7968491086
2240,0.895419493
2241,0.8799093631
2242,0.7471812913
2243,0.7067784815
2244,0.7871728302
2245,0.7916713997
2246,0.8135532429
2247,0.6879563923
2248,0.8220162442
2249,0.6573640449
2250,0.766472036
2251,0.7357353357
2252,0.7704836751
2253,0.7616122972
2254,0.7863979408
2255,0.799366871
2256,0.8574368449
2257,0.8238899412
2258,0.7657423428
2259,0.6973795956
2260,0.7574971595
2261,0.7445260835
2262,0.8214160462
2263,0.7051841266
2264,0.7348746134
2265,0.6278053485
2266,0.772583066
2267,0.8808725291
2268,0.7165089657
2269,0.7165089657
2270,0.7464589662
2271,0.8360693513
2272,0.8088015656
2273,0.6884436868
2274,0.7008199366
2275,0.6993758381
2276,0.72548982
2277,0.7805997261
2278,0.7115266386
2279,0.7543839496
2280,0.8201610841
2281,0.8201610841
2282,0.7572254362
2283,0.768501459
2284,0.8008762649
2285,0.7745904146
2286,0.7720072308
2287,0.7224190976
2288,0.7218862147
2289,0.877161498
2290,0.8683247998
2291,0.8220081051
2292,0.8825436236
2293,0.8825436236
2294,0.8141069505
2295,0.8141069505
2296,0.7505979547
2297,0.6390161871
2298,0.6120114121
2299,0.6120114121
2300,0.7778911561
2301,0.6698866989
2302,0.6698866989
2303,0.8707958196
2304,0.6715714273
2305,0.7567460247
2306,0.7014792377
2307,0.7082766437
2308,0.6741646855
2309,0.5665595365
2310,0.6721333912
2311,0.8469668639
2312,0.6793521791
2313,0.6793521791
2314,0.7683422219
2315,0.8409251114
2316,0.6318234882
2317,0.8460845708
2318,0.8498686216
2319,0.7710276464
2320,0.6759695246
2321,0.7068284169
2322,0.7068284169
2323,0.6371562184
2324,0.8756824686
2325,0.7696717764
2326,0.7998094889
2327,0.7788786013
2328,0.7021398349
2329,0.8202934509
2330,0.8077357435
2331,0.7694464153
2332,0.7694464153
2333,0.7974161638
2334,0.7347615847
2335,0.6814959434
2336,0.8863974677
2337,0.8486049492
2338,0.7453609978
2339,0.7276771372
2340,0.7114093764
2341,0.879162924
2342,0.8121425219
2343,0.7704400384
2344,0.7673409429
2345,0.7121337674
2346,0.8781469308
2347,0.7566391123
2348,0.8162828621
2349,0.8162828621
2350,0.7817795551
2351,0.6776514331
2352,0.8087037901
2353,0.7963545617
2354,0.8058510942
2355,0.7208628128
2356,0.8910932686
2357,0.6980703007
2358,0.8171102679
2359,0.827537593
2360,0.83606961
2361,0.6819611647
2362,0.7101004819
2363,0.733173619
2364,0.7776789905
2365,0.8280764166
2366,0.6965029915
2367,0.6965029915
2368,0.7918065164
2369,0.6974991593
2370,0.7874761951
2371,0.7874761951
2372,0.8099595701
2373,0.8356241023
2374,0.809793821
2375,0.8255598833
2376,0.8187691634
2377,0.8194519379
2378,0.6905707403
2379,0.8353769049
2380,0.7458905578
2381,0.7458905578
2382,0.6742545907
2383,0.8346237272
2384,0.7829849174
2385,0.8734612701
2386,0.7285114046
2387,0.7315999674
2388,0.7101267914
2389,0.7855112863
2390,0.7873214189
2391,0.7873214189
2392,0.8147123234
2393,0.8147123234
2394,0.7317623507
2395,0.7317623507
2396,0.8197820559
2397,0.6396052698
2398,0.7229721889
2399,0.6716079037
2400,0.7829455922
2401,0.7487620094
2402,0.8146309058
2403,0.8322831777
2404,0.7780381314
2405,0.6125197928
2406,0.7436446412
2407,0.8026685559
2408,0.7614205041
2409,0.8146382745
2410,0.6754302443
2411,0.6507863853
2412,0.82506874
2413,0.8803986013
2414,0.8515261485
2415,0.6858934188
2416,0.7071667004
2417,0.7734125777
2418,0.7744157059
2419,0.8544970147
2420,0.8190490569
2421,0.7665839713
2422,0.7774785863
2423,0.6602615284
2424,0.8718603675
2425,0.6686577626
2426,0.7333494321
2427,0.7127063123
2428,0.7127063123
2429,0.8594049051
2430,0.8643494294
2431,0.7905509734
2432,0.7905509734
2433,0.8664509329
2434,0.8531613953
2435,0.6968415526
2436,0.6968415526
2437,0.7744219274
2438,0.7119892863
2439,0.7119892863
2440,0.8113388483
2441,0.6632802322
2442,0.758805282
2443,0.8352452444
2444,0.8268667768
2445,0.809149786
2446,0.6939564411
2447,0.8788733379
2448,0.8805109046
2449,0.8606971141
2450,0.671471953
2451,0.7052603181
2452,0.7842844413
2453,0.7427002351
2454,0.8555187261
2455,0.6954574376
2456,0.6954574376
2457,0.6954574376
2458,0.7484913252
2459,0.6833963064
2460,0.7187955878
2461,0.7550983562
2462,0.7145538216
2463,0.8219254922
2464,0.6182701431
2465,0.8185594822
2466,0.7750155224
2467,0.7693036166
2468,0.7276684811
2469,0.6682109793
2470,0.7494696729
2471,0.8854419244
2472,0.6854605056
2473,0.7573018754
2474,0.6567483209
2475,0.7860159469
2476,0.7131312113
2477,0.6710595413
2478,0.6723894003
2479,0.6801061712
2480,0.7133140226
2481,0.7133140226
2482,0.8609625284
2483,0.7750091934
2484,0.6138154456
2485,0.8667665955
2486,0.872489843
2487,0.6961004524
2488,0.7669842948
2489,0.8148828929
2490,0.7733792132
2491,0.8581473259
2492,0.8067786144
2493,0.8569733411
2494,0.8449683399
2495,0.6623022085
2496,0.6623022085
2497,0.7775893757
2498,0.7165791243
2499,0.6900279589
2500,0.6716062659
2501,0.6474039617
2502,0.7833412384
2503,0.7833412384
2504,0.6753431797
2505,0.7220552815
2506,0.8817866287
2507,0.6962825646
2508,0.6000563004
2509,0.8177411094
2510,0.8484161854
2511,0.8735551004
2512,0.6659248405
2513,0.6158336175
2514,0.7094761235
2515,0.8352391795
2516,0.6991960101
2517,0.7485625863
2518,0.7941911541
2519,0.7614851075
2520,0.7614851075
2521,0.7451518439
2522,0.7451518439
2523,0.7759848136
2524,0.8097781594
2525,0.8396971312
2526,0.7742987527
2527,0.8055256405
2528,0.8055471012
2529,0.8042838452
2530,0.6865827286
2531,0.6586364089
2532,0.7779515558
2533,0.8242223502
2534,0.6253044423
2535,0.7073868756
2536,0.6861830689
2537,0.8818151792
2538,0.699798597
2539,0.652516308
2540,0.652516308
2541,0.7210220581
2542,0.7210220581
2543,0.7245271952
2544,0.7300795178
2545,0.7305150542
2546,0.682350478
2547,0.6617736999
2548,0.834102614
2549,0.8052030704
2550,0.7254309181
2551,0.8502827271
2552,0.7900527373
2553,0.6615730801
2554,0.8547857912
2555,0.7636871443
2556,0.7698571296
2557,0.7698571296
2558,0.6659618849
2559,0.8076450619
2560,0.8076450619
2561,0.6946785397
2562,0.7051203429
2563,0.8549425102
2564,0.7509703072
2565,0.7192353238
2566,0.6697597161
2567,0.8253726587
2568,0.8216476167
2569,0.658204086
2570,0.8641657988
2571,0.8043541149
2572,0.8673270733
2573,0.7039932006
2574,0.8427322727
2575,0.8427322727
2576,0.8427322727
2577,0.8427322727
2578,0.7288621465
2579,0.8004995145
2580,0.6837667526
2581,0.8254890378
2582,0.8658359772
2583,0.8178293153
2584,0.7926871765
2585,0.6859764706
2586,0.7885475552
2587,0.7903836747
2588,0.6443880189
2589,0.7348733976
2590,0.7920772444
2591,0.7924535643
2592,0.6940907047
2593,0.7802595535
2594,0.7802595535
2595,0.7575762348
2596,0.7906020557
2597,0.7513108723
2598,0.8284480547
2599,0.7980383835
2600,0.7980383835
2601,0.6331051272
2602,0.6331051272
2603,0.6331051272
2604,0.8482732641
2605,0.7479425866
2606,0.7202019893
2607,0.6588393281
2608,0.6192193605
2609,0.7803739974
2610,0.80548898
2611,0.6635305433
2612,0.7620058012
2613,0.6830111686
2614,0.6392104268
2615,0.6819335864
2616,0.8962300473
2617,0.695118891
2618,0.7926143168
2619,0.7926143168
2620,0.8548279819
2621,0.8320414328
2622,0.6380202865
2623,0.7692001868
2624,0.7310906926
2625,0.7206107875
2626,0.8409207635
2627,0.8409207635
2628,0.8674549245
2629,0.8005295612
2630,0.6672684573
2631,0.7845574143
2632,0.6361630304
2633,0.6727627144
2634,0.70637279
2635,0.70637279
2636,0.6807191127
2637,0.6807191127
2638,0.7580382896
2639,0.696572902
2640,0.7610872274
2641,0.8236784993
2642,0.8236784993
2643,0.6951814003
2644,0.7114995569
2645,0.7005019526
2646,0.7215353343
2647,0.8235377732
2648,0.7604844633
2649,0.6644082115
2650,0.8166435711
2651,0.7650857031
2652,0.7860770249
2653,0.7860770249
2654,0.8056397721
2655,0.8056397721
2656,0.7084596075
2657,0.6538725048
2658,0.6538725048
2659,0.8024800798
2660,0.7667380583
2661,0.8366925622
2662,0.7771990579
2663,0.8801579257
2664,0.7188236864
2665,0.7912756022
2666,0.7851980419
2667,0.671770268
2668,0.6683831902
2669,0.7880411494
2670,0.8279257203
2671,0.6819361516
2672,0.7345610852
2673,0.8518269504
2674,0.796295465
2675,0.8342375527
2676,0.7787670848
2677,0.7539917179
2678,0.8113628186
2679,0.7878858408
2680,0.7878858408
2681,0.7382448345
2682,0.7500784559
2683,0.7923660799
2684,0.7236457219
2685,0.6789278777
2686,0.8077497513
2687,0.7259858623
2688,0.8347819595
2689,0.585061457
2690,0.8763222599
2691,0.7004616933
2692,0.7914336748
2693,0.8018837991
2694,0.8018837991
2695,0.7010330934
2696,0.7010330934
2697,0.6228933929
2698,0.59226114
2699,0.6194802705
2700,0.6629843298
2701,0.6985026192
2702,0.7685783103
2703,0.7325950344
2704,0.7864701723
2705,0.8388248245
2706,0.7714677261
2707,0.8283154709
2708,0.8283154709
2709,0.8422830135
2710,0.7572273135
2711,0.7335454679
2712,0.7584019822
2713,0.7143868779
2714,0.6090612073
2715,0.7170345899
2716,0.7857905749
2717,0.8347513132
2718,0.8227992482
2719,0.8561806009
2720,0.7473961505
2721,0.7763980585
2722,0.816543168
2723,0.7956521726
2724,0.7940318908
2725,0.6991092902
2726,0.8549569921
2727,0.7593989546
2728,0.7830971034
2729,0.7565498165
2730,0.7309050683
2731,0.7518257865
2732,0.6498052033
2733,0.6196328072
2734,0.7100969017
2735,0.7951582578
2736,0.7762451648
2737,0.7167394772
2738,0.7167394772
2739,0.8082097374
2740,0.874374407
2741,0.7611617723
2742,0.7328503126
2743,0.7099744897
2744,0.8850350644
2745,0.8678869328
2746,0.6728941062
2747,0.7036573412
2748,0.7623164294
2749,0.8449553742
2750,0.7129772571
2751,0.7352618569
2752,0.8034076448
2753,0.764192132
2754,0.8412624972
2755,0.8394065796
2756,0.758159374
2757,0.758159374
2758,0.7902480137
2759,0.7440984458
2760,0.7440984458
2761,0.7533321289
2762,0.8381746593
2763,0.7752002663
2764,0.7111293735
2765,0.7844994412
2766,0.7500458063
2767,0.7935455075
2768,0.7935455075
2769,0.6594870242
2770,0.7208601628
2771,0.7608308195
2772,0.7807185408
2773,0.8691820531
2774,0.7454512237
2775,0.7912406999
2776,0.8165842483
2777,0.7151252417
2778,0.6747556694
2779,0.6421192288
2780,0.6986375056
2781,0.6986375056
2782,0.8746676249
2783,0.7024383926
2784,0.8292245006
2785,0.8292245006
2786,0.6245336065
2787,0.8909875575
2788,0.8626722902
2789,0.8490421873
2790,0.7302952197
2791,0.7598552903
2792,0.6524710142
2793,0.7130213651
2794,0.8187289255
2795,0.7818305491
2796,0.606060032
2797,0.8468774303
2798,0.6199950206
2799,0.7695900417
2800,0.7695900417
2801,0.7445766916
2802,0.6837828821
2803,0.7346686142
2804,0.6268556949
2805,0.8220052939
2806,0.8496242439
2807,0.7990434939
2808,0.665043383
2809,0.6728116004
2810,0.6796144474
2811,0.6772682575
2812,0.7665134731
2813,0.700303918
2814,0.700303918
2815,0.8162299712
2816,0.6970582762
2817,0.8600105426
2818,0.8500549778
2819,0.8186976208
2820,0.807127649
2821,0.7921532793
2822,0.7409548799
2823,0.8351585631
2824,0.740692173
2825,0.8553068323
2826,0.6819973294
2827,0.6819973294
2828,0.8671900629
2829,0.7719406329
2830,0.7551105706
2831,0.891139702
2832,0.6126053758
2833,0.7246856175
2834,0.7246856175
2835,0.7745015796
2836,0.8820975218
2837,0.8506393749
2838,0.8506393749
2839,0.8557357423
2840,0.6860295
2841,0.6730755391
2842,0.8014546163
2843,0.7883217887
2844,0.771237332
2845,0.795841207
2846,0.7513864082
2847,0.7264240719
2848,0.7185522558
2849,0.7836944378
2850,0.8292834334
2851,0.7772470906
2852,0.7999023514
2853,0.712382535
2854,0.681247131
2855,0.7718604576
2856,0.7126878638
2857,0.8586733008
2858,0.7398588692
2859,0.8323459524
2860,0.6761311286
2861,0.6631828968
2862,0.8242382408
2863,0.7157546206
2864,0.811969725
2865,0.860751333
2866,0.6682312939
2867,0.805467699
2868,0.7691017792
2869,0.7614261618
2870,0.6901439496
2871,0.7058101161
2872,0.8089001573
2873,0.6931960282
2874,0.7236139629
2875,0.8173409984
2876,0.8173409984
2877,0.8425138046
2878,0.8389515596
2879,0.7848532732
2880,0.8037352967
2881,0.8409919843
2882,0.8264099793
2883,0.8349517329
2884,0.7261687481
2885,0.7518031842
2886,0.6766288816
2887,0.7032298691
2888,0.7075122534
2889,11654.2696080723
2890,0.7575235899
2891,0.6835981679
2892,0.8212705523
2893,0.7843259246
2894,0.8498202364
2895,0.7782944921
2896,0.7074943498
2897,0.7778999328
2898,0.6018957725
2899,0.8363062207
2900,0.7420044602
2901,0.7420044602
2902,0.7420044602
2903,0.6543014332
2904,0.6956475587
2905,0.7815372716
2906,0.7815372716
2907,0.7129965607
2908,0.8674492606
2909,0.6791913436
2910,0.6481676663
2911,0.7630014016
2912,0.81791087
2913,0.6627073115
2914,0.7702647623
2915,0.8252125006
2916,0.6629169399
2917,0.6629169399
2918,0.8154922166
2919,0.8006284307
2920,0.8006284307
2921,0.6333892707
2922,0.7862294886
2923,0.7791506867
2924,0.7630132342
2925,0.7394108914
2926,0.6537363141
2927,0.7466872673
2928,0.7291459016
2929,0.7637962351
2930,0.9009523258
2931,0.8787826765
2932,0.7733082903
2933,0.6919897599
2934,0.7763677995
2935,0.7116466118
2936,0.6965110098
2937,0.6754501904
2938,0.6978234657
2939,0.8467569602
2940,0.6848303138
2941,0.6848303138
2942,0.7152525577
2943,0.755792389
2944,0.6656814927
2945,0.6656814927
2946,0.8680587973
2947,0.7982922231
2948,0.9172466002
2949,0.7846048217
2950,0.7322503034
2951,0.7956808379
2952,0.8517800775
2953,0.6321438303
2954,0.7038756989
2955,0.7504523037
2956,0.7810602544
2957,0.8089761697
2958,0.7839282873
2959,0.8677211685
2960,0.6274698194
2961,0.693297706
2962,0.693297706
2963,0.8343419179
2964,0.8274452877
2965,0.8569773126
2966,0.6990027882
2967,0.7814513037
2968,0.7685492909
2969,0.7515134841
2970,0.7522972146
2971,0.7789626275
2972,0.7359500793
2973,0.7839765879
2974,0.7344644845
2975,0.8926984747
2976,0.856677852
2977,0.7723905736
2978,0.7331224856
2979,0.719746355
2980,0.738817612
2981,0.6887744227
2982,0.7964530609
2983,0.7077554942
2984,0.8084851369
2985,0.8536726313
2986,0.857571123
2987,0.7685364554
2988,0.8720170787
2989,0.7163683504
2990,0.67635245
2991,0.7655724514
2992,0.8372861674
2993,0.8372861674
2994,0.6587963278
2995,0.8786780917
2996,0.7527056738
2997,0.8303422255
2998,0.8303422255
2999,0.6725264876
3000,0.7077723479
3001,0.7646016285
3002,0.8850364639
3003,0.7834046031
3004,0.8666734805
3005,0.8084772507
3006,0.8171584408
3007,0.6961353582
3008,0.7392384461
3009,0.6562698438
3010,0.7556182694
3011,0.7281228846
3012,0.7281228846
3013,0.8941315154
3014,0.7254297244
3015,0.7254297244
3016,0.7254297244
3017,0.6839327621
3018,0.686678602
3019,0.8084675728
3020,0.8969057285
3021,0.7267476972
3022,0.6819534048
3023,0.7613426683
3024,0.8167825622
3025,0.6970656587
3026,0.6184115507
3027,0.6926810669
3028,0.7247968288
3029,0.7579678145
3030,0.730017484
3031,0.7861125841
3032,0.8171647348
3033,0.7725018265
3034,0.6780856451
3035,0.7258176372
3036,0.8181000775
3037,0.771627932
3038,0.7628944758
3039,0.759688693
3040,0.7676720398
3041,0.7509930727
3042,0.7892593581
3043,0.7819271371
3044,0.708825292
3045,0.8472733404
3046,0.7728290549
3047,0.8553635625
3048,0.7032748936
3049,0.7743962807
3050,0.781578427
3051,0.7643039098
3052,0.7274936588
3053,0.8008576234
3054,0.8411472253
3055,0.8707017449
3056,0.7790089914
3057,0.6641663906
3058,0.7320659441
3059,0.7474827691
3060,0.6756962079
3061,0.7522433348
3062,0.7548553517
3063,0.8935072149
3064,0.8133099337
3065,0.7991008956
3066,0.667986868
3067,0.7153513533
3068,0.7141332686
3069,0.7141332686
3070,0.7512434859
3071,0.6641183019
3072,0.6481819928
3073,0.7928063269
3074,0.7491721583
3075,0.7699945488
3076,0.7356282
3077,0.6964206305
3078,0.7896247425
3079,0.7228585129
3080,0.8063172326
3081,0.7296290375
3082,0.6629709932
3083,0.6677949157
3084,0.8925089467
3085,0.7337399707
3086,0.6263554867
3087,0.870028256
3088,0.744040772
3089,0.8913408276
3090,0.687102374
3091,0.8521757494
3092,0.8754153044
3093,0.8096804424
3094,0.7066508805
3095,0.8409144068
3096,0.6899681613
3097,0.7463718685
3098,0.7882111084
3099,0.7401015238
3100,0.7019808629
3101,0.7103513027
3102,0.7273935502
3103,0.7273935502
3104,0.7269593239
3105,0.7269593239
3106,0.6477951479
3107,0.8764571704
3108,0.8990802335
3109,0.8990802335
3110,0.8133916392
3111,0.7470053536
3112,0.7470053536
3113,0.7075894544
3114,0.8616274093
3115,0.8451144494
3116,0.7587376255
3117,0.7587376255
3118,0.9016980541
3119,0.7743543232
3120,0.6037696788
3121,0.64391304
3122,0.6898829324
3123,0.7213471133
3124,0.6572209598
3125,0.8336048017
3126,0.8122195214
3127,0.811176467
3128,0.8432851114
3129,0.7988315925
3130,0.800385938
3131,0.7309760158
3132,0.6930864129
3133,0.7530995086
3134,0.7149310654
3135,0.8036333432
3136,0.7677812375
3137,0.8411136535
3138,0.8833362593
3139,0.6592766805
3140,0.8331398795
3141,0.8224842887
3142,0.8224842887
3143,0.7035137088
3144,0.7035137088
3145,0.7176744732
3146,0.8452001813
3147,0.7212018218
3148,0.6439069566
3149,0.6439069566
3150,0.7582839352
3151,0.8200162825
3152,0.7162642425
3153,0.8327839898
3154,0.8327839898
3155,0.7670884793
3156,0.8284062418
3157,0.6708900748
3158,0.8488617404
3159,0.8063598613
3160,0.7796809175
3161,0.7000136705
3162,0.805455394
3163,0.6997126097
3164,0.7126764609
3165,0.676702572
3166,0.6675612052
3167,0.7502783457
3168,0.6580842855
3169,0.8574687977
3170,0.7360241309
3171,0.7360241309
3172,0.8692535259
3173,0.8706286831
3174,0.7756319587
3175,0.8999870814
3176,0.8999870814
3177,0.767303394
3178,0.667487627
3179,0.730281827
3180,0.7165391709
3181,0.6665418501
3182,0.7306687464
3183,0.8666089611
3184,0.6989188036
3185,0.6989188036
3186,0.6824631186
3187,0.7060925402
3188,0.7458012795
3189,0.7458012795
3190,0.761530003
3191,0.7875979299
3192,0.8495661969
3193,0.6719688017
3194,0.6719688017
3195,0.863678562
3196,0.7647536807
3197,0.7706084822
3198,0.8373499301
3199,0.877208771
3200,0.7262296528
3201,0.755480975
3202,0.8478203109
3203,0.6657212593
3204,0.7925722496
3205,0.7925722496
3206,0.7243770168
3207,0.8186469457
3208,0.7571801752
3209,0.8291384605
3210,0.815123556
3211,0.7474687953
3212,0.7964653058
3213,0.7993806694
3214,0.712074319
3215,0.8155492302
3216,0.7410219353
3217,0.6005509682
3218,0.6898941377
3219,0.6894591451
3220,0.611548972
3221,0.6643875627
3222,0.8702433483
3223,0.8568871297
3224,0.8107016696
3225,0.6543962008
3226,0.7362544812
3227,0.71151336
3228,0.7733520967
3229,0.8197534817
3230,0.754845217
3231,0.8424013667
3232,0.8415154934
3233,0.7505899104
3234,0.7492350998
3235,0.7492350998
3236,0.7197472344
3237,0.7757836753
3238,0.6407831495
3239,0.6887580445
3240,0.7610990995
3241,0.699666351
3242,0.7490852309
3243,0.6696118329
3244,0.7758633702
3245,0.7481369022
3246,0.7930842318
3247,0.8380154628
3248,0.8380154628
3249,0.7053886288
3250,0.886012836
3251,0.7397456256
3252,0.6379133068
3253,0.8017348529
3254,0.7078402642
3255,0.8456588458
3256,0.8063644804
3257,0.7010588588
3258,0.7769064283
3259,0.6941921424
3260,0.739256954
3261,0.7879179036
3262,0.6552209026
3263,0.7300128861
3264,0.7300128861
3265,0.7861424436
3266,0.7262799394
3267,0.7103376065
3268,0.6928186955
3269,0.7058058383
3270,0.7726386717
3271,0.6681268573
3272,0.8215300781
3273,0.6905771459
3274,0.7859846925
3275,0.6672549017
3276,0.6544015202
3277,0.7478647333
3278,0.6776411144
3279,0.668824812
3280,0.711774739
3281,0.765061795
3282,0.7347740761
3283,0.6431526673
3284,0.7844905593
3285,0.8916332152
3286,0.7148073782
3287,0.753145731
3288,0.7562439194
3289,0.7731461883
3290,0.6893679521
3291,0.7945139283
3292,0.7531864144
3293,0.8138258498
3294,0.6750992004
3295,0.8726702875
3296,0.7097359985
3297,0.7097359985
3298,0.71821675
3299,0.7527805635
3300,0.7291237915
3301,0.7291237915
3302,0.7391636869
3303,0.7783278352
3304,0.7780040241
3305,0.8656622039
3306,0.7388993536
3307,0.8148061574
3308,0.8148061574
3309,0.8121156272
3310,0.7364259001
3311,0.8374996559
3312,0.8354473218
3313,0.712205636
3314,0.7906072659
3315,0.7946435035
3316,0.7299680862
3317,0.7062055463
3318,0.8358330093
3319,0.8486768603
3320,0.828166234
3321,0.828166234
3322,0.8324173183
3323,0.6743650529
3324,0.7319910736
3325,0.7099874
3326,0.8866853922
3327,0.6903578559
3328,0.6860522187
3329,0.8948475845
3330,0.6576444611
3331,0.8593408054
3332,0.710080293
3333,0.7613610727
3334,0.7738125277
3335,0.8088118099
3336,0.7098037424
3337,0.7098037424
3338,0.8906396766
3339,0.7209250211
3340,0.8388103085
3341,0.854812363
3342,0.854812363
3343,0.7458168047
3344,0.7817700834
3345,0.7874730206
3346,0.7975305769
3347,0.7864534152
3348,0.7351987966
3349,0.7308005711
3350,0.8817430074
3351,0.7901333838
3352,0.7834574778
3353,0.6647811529
3354,0.6294592802
3355,0.7423044078
3356,0.6841878799
3357,0.6223256075
3358,0.7509639513
3359,0.7189684406
3360,0.6663428775
3361,0.673873026
3362,0.6774264402
3363,0.7279620093
3364,0.8472612143
3365,0.8002528567
3366,0.7386322199
3367,0.7386322199
3368,0.7265473274
3369,0.6657508522
3370,0.7888303307
3371,0.6883120312
3372,0.7519464906
3373,0.6811276279
3374,0.7943657183
3375,0.7943657183
3376,0.6745625873
3377,0.8798575648
3378,0.7803436174
3379,0.7307002763
3380,0.6540679371
3381,0.6403565957
3382,0.6798922243
3383,0.7380463663
3384,0.7697685768
3385,0.7840276437
3386,0.801961658
3387,0.8625068685
3388,0.8607688362
3389,0.6558019425
3390,0.6558019425
3391,0.6874600454
3392,0.7451251161
3393,0.7750632033
3394,0.695472069
3395,0.7003573767
3396,0.5828821093
3397,0.5828821093
3398,0.7995232511
3399,0.7192394858
3400,0.8280932206
3401,0.6038746952
3402,0.7303507909
3403,0.6039801286
3404,0.6765146593
3405,0.6765146593
3406,0.6765146593
3407,0.6507219717
3408,0.6760543315
3409,0.7317676377
3410,0.8273484788
3411,0.8273484788
3412,0.8290706506
3413,0.8290706506
3414,0.7361623064
3415,0.8330090513
3416,0.6889774494
3417,0.8302101862
3418,0.7434770027
3419,0.8613228901
3420,0.8466206275
3421,0.6767340272
3422,0.6948884694
3423,0.83528129
3424,0.7162734849
3425,0.7162734849
3426,0.7514809904
3427,0.7986513347
3428,0.7283387962
3429,0.7302311075
3430,0.751406763
3431,0.7105824638
3432,0.7701219647
3433,0.6488189915
3434,0.7903442218
3435,0.6865587098
3436,0.5682803044
3437,0.8301383491
3438,0.776606712
3439,0.7467699822
3440,0.6721333616
3441,0.6680115872
3442,0.8099496052
3443,0.821127464
3444,0.8268073337
3445,0.7354820605
3446,0.8190296341
3447,0.6625891038
3448,0.7095118728
3449,0.692998172
3450,0.7707298627
3451,0.8713794984
3452,0.8054301842
3453,0.8393112264
3454,0.6856370125
3455,0.7354720756
3456,0.6893212036
3457,0.8949533178
3458,0.7649057827
3459,0.7709203109
3460,0.6585395805
3461,0.6579637523
3462,0.6872354728
3463,0.6872354728
3464,0.672258736
3465,0.774283645
3466,0.6544785012
3467,0.8108104299
3468,0.8842776828
3469,0.8198108181
3470,0.7889699455
3471,0.7101725277
3472,0.8218296243
3473,0.8218296243
3474,0.6779160895
3475,0.6886037427
3476,0.8505003476
3477,0.7294002925
3478,0.8212892357
3479,0.8458508359
3480,0.6621173042
3481,0.7261542031
3482,0.7687768126
3483,0.7123612735
3484,0.8103913678
3485,0.7066578049
3486,0.5832994426
3487,0.6896167006
3488,0.6534111754
3489,0.6542655847
3490,0.6802449813
3491,0.7224526343
3492,0.7729762832
3493,0.7529945468
3494,0.767667123
3495,0.8670163654
3496,0.7203142046
3497,0.8549993833
3498,0.6908804145
3499,0.7331063978
3500,0.7331063978
3501,0.6646993696
3502,0.6646993696
3503,0.7742199724
3504,0.8229977548
3505,0.8632655104
3506,0.7524094546
3507,0.735246242
