,total_pressure_coe
0,0.749471643
1,0.7148346363
2,0.6524230273
3,0.5909630049
4,0.7152511199
5,0.7152511199
6,0.6790437668
7,0.8236581564
8,0.6422754872
9,0.8615581349
10,0.7804799593
11,0.7804799593
12,0.6397368091
13,0.7078654221
14,0.7184507077
15,0.8772612169
16,0.7745076715
17,0.7969253168
18,0.6422198017
19,0.6422198017
20,0.6422198017
21,0.7538808418
22,0.8220847674
23,0.7891095145
24,0.7066034499
25,0.872547313
26,0.7023914564
27,0.7135848594
28,0.7135848594
29,0.7898195327
30,0.8626685409
31,0.6626927513
32,0.6626927513
33,0.6626927513
34,0.6648112295
35,0.6939300465
36,0.7074436532
37,0.8339076507
38,0.7814743117
39,0.8561287722
40,0.7433673082
41,0.7233387504
42,0.8944683843
43,0.719710945
44,0.6928783988
45,0.665693987
46,0.665693987
47,0.7034640021
48,0.8178107961
49,0.8182732772
50,0.7415189029
51,0.7185465646
52,0.6326245065
53,0.7169042257
54,0.7169042257
55,0.7172487426
56,0.7550268406
57,0.602267792
58,0.8390669915
59,0.6811092529
60,0.7382519741
61,0.6513896712
62,0.6851773205
63,0.7368416465
64,0.8295110806
65,0.8295110806
66,0.813016075
67,0.7634639491
68,0.7445643164
69,0.7824999589
70,0.7878344841
71,0.7964020976
72,0.720637705
73,0.7566491074
74,0.7187339061
75,0.797684559
76,0.6987699527
77,0.7130868662
78,0.8845553459
79,0.8816713186
80,0.8816713186
81,0.781047977
82,0.7065786496
83,0.8647199564
84,0.71683292
85,0.8566230296
86,0.7083616392
87,0.8180897195
88,0.7400223108
89,0.7481113174
90,0.6573917159
91,0.7304898834
92,0.8443274057
93,0.7771715121
94,0.6803052091
95,0.8060720287
96,0.6712766889
97,0.8154665979
98,0.6868970355
99,0.6011318482
100,0.7458449795
101,0.7031894683
102,0.7027521725
103,0.7151021064
104,0.7935628027
105,0.7086918514
106,0.751900623
107,0.6733943958
108,0.8020720277
109,0.6565295948
110,0.8025094342
111,0.7106283136
112,0.6803793255
113,0.7612060866
114,0.7119263409
115,0.6637393847
116,0.7270849582
117,0.7523086929
118,0.7914084468
119,0.6655314493
120,0.8095557188
121,0.7871330756
122,0.6679089245
123,0.9064313521
124,0.7904130451
125,0.6825434867
126,0.6825434867
127,0.7773424763
128,0.6934259336
129,0.6156524662
130,0.7262909056
131,0.6773998633
132,0.6773998633
133,0.7464384252
134,0.7016646398
135,0.8241111501
136,0.7306562579
137,0.634207215
138,0.8343319004
139,0.7128774738
140,0.835454576
141,0.6977017083
142,0.6775656244
143,0.8065539947
144,0.8225369967
145,0.7889435571
146,0.8240653461
147,0.8131323986
148,0.7578654891
149,0.6649163974
150,0.7208706322
151,0.8857573845
152,0.8857573845
153,0.6445094325
154,0.7435646637
155,0.7026887036
156,0.8698847386
157,0.8080146052
158,0.7357531454
159,0.7792744628
160,0.8675785623
161,0.6856634263
162,0.759940991
163,0.6380537242
164,0.8497789217
165,0.8497789217
166,0.6356306988
167,0.7318706126
168,0.8836183768
169,0.8848305153
170,0.6927578231
171,0.8000310449
172,0.8010354547
173,0.8274400854
174,0.7151565163
175,0.7347154491
176,0.7894269658
177,0.7898909646
178,0.6900449625
179,0.768466334
180,0.8565032095
181,0.6938486254
182,0.7976913082
183,0.7006209243
184,0.8019307284
185,0.7060680282
186,0.7479835641
187,0.8373190294
188,0.6550434891
189,0.6983917128
190,0.6983917128
191,0.7814145937
192,0.7129022509
193,0.7539659774
194,0.7714499383
195,0.7440612402
196,0.7351514202
197,0.8297771087
198,0.6511854579
199,0.7141218249
200,0.8856017773
201,0.7917144726
202,0.8314328777
203,0.6867834246
204,0.767596676
205,0.7150043442
206,0.7046130233
207,0.7046130233
208,0.8505865421
209,0.8505865421
210,0.6633046998
211,0.8358745994
212,0.8089562247
213,0.6906753015
214,0.7387433228
215,0.7350418918
216,0.6522225694
217,0.6522225694
218,0.8170863695
219,0.7271441044
220,0.9014992619
221,0.8900016958
222,0.8285912812
223,0.8482182902
224,0.8831135273
225,0.8831135273
226,0.7680154908
227,0.8751076254
228,0.7468687172
229,0.825108071
230,0.8581310691
231,0.7456018348
232,0.7977987377
233,0.8458499613
234,0.672394636
235,0.6977216361
236,0.6632337109
237,0.8477036663
238,7.4238550004
239,0.8501424365
240,0.6508619265
241,0.7377076465
242,0.8353640949
243,0.7660114115
244,0.7015322171
245,0.7678531368
246,0.7086742332
247,0.7594877756
248,0.8270679326
249,0.8512007365
250,0.7903032032
251,0.7903032032
252,0.6764505256
253,0.8818072991
254,0.8802674169
255,0.8802674169
256,0.7569206209
257,0.7963103552
258,0.7189868595
259,0.7055797772
260,0.7870289906
261,0.8316446924
262,0.8126219578
263,0.6612129418
264,0.6612129418
265,0.6436567734
266,0.7433692346
267,0.7433692346
268,0.7508202141
269,0.6555542559
270,0.8831961166
271,0.8848211107
272,0.7174920715
273,0.7761764337
274,0.8125806846
275,0.7746323023
276,0.7695285332
277,0.6916266295
278,0.7140352926
279,0.7301447422
280,0.8250204062
281,0.6124897322
282,0.7739770819
283,0.7489662105
284,0.7655916718
285,0.6765019937
286,0.6464594652
287,0.6514876237
288,0.7850484713
289,0.7183122882
290,0.8127167673
291,0.6586277119
292,0.6586277119
293,0.8011933805
294,0.7968620409
295,0.8482625955
296,0.6951711789
297,0.8621955214
298,0.855922918
299,0.7701868669
300,0.7932104017
301,0.794613782
302,0.6974769759
303,0.7230195088
304,0.6981888583
305,0.7163311848
306,0.7299593105
307,0.7690475032
308,0.6255278317
309,0.8788266924
310,0.8428760329
311,0.6598464162
312,0.5869228733
313,0.8918766843
314,0.6768504247
315,0.731002179
316,0.7018187026
317,0.823278924
318,0.7760075063
319,0.8276815647
320,0.8456674824
321,0.7115794448
322,0.8157401313
323,0.7641548965
324,0.8123914618
325,0.8109060026
326,0.6756040049
327,0.7584323882
328,0.7439806172
329,0.8726481059
330,0.8417640795
331,0.8358970545
332,0.6831096101
333,0.7742281987
334,0.8425594391
335,0.8711854032
336,0.8517591656
337,0.674256216
338,0.8021150438
339,0.825352836
340,0.8047234852
341,0.8047234852
342,0.623446001
343,0.863201081
344,0.851529788
345,0.7453987008
346,0.8016159812
347,0.7301813438
348,0.8007435241
349,0.7239710659
350,0.7541900961
351,0.7578759106
352,0.8170554948
353,0.8014737819
354,0.8014737819
355,0.8336479222
356,0.6036491961
357,0.684279038
358,0.826461483
359,0.7883433749
360,0.8678870988
361,0.6780262616
362,0.7269449162
363,0.8866065963
364,0.8866065963
365,0.6699624171
366,0.6699624171
367,0.6699624171
368,0.758640606
369,0.798045802
370,0.8224074805
371,0.8529917194
372,0.6926670506
373,0.7227575448
374,0.6780534899
375,0.6859393453
376,0.7207390686
377,0.6123695484
378,0.7067993554
379,0.7067993554
380,0.8922260494
381,0.8922260494
382,0.8012036536
383,0.8974590131
384,0.7936144108
385,0.6725747714
386,0.7898870776
387,0.8764973825
388,0.8764973825
389,0.7316508634
390,0.8739368041
391,0.8516714938
392,0.8109222435
393,0.8109222435
394,0.6728512069
395,0.6728512069
396,0.8485963916
397,0.6755348469
398,0.7012647324
399,0.7612197749
400,0.7659400906
401,0.8442085655
402,0.7687297425
403,0.6619424512
404,0.7483400935
405,0.8000524446
406,0.8176850344
407,0.8176850344
408,0.8176850344
409,0.6590256371
410,0.8402773415
411,0.8183791361
412,0.6885767843
413,0.775547928
414,0.781322785
415,0.7396120068
416,0.8301087845
417,0.8290515266
418,0.7525715448
419,0.7048213604
420,0.7116789603
421,0.8860580557
422,0.8146800744
423,0.8544774063
424,0.675236985
425,0.6093161037
426,0.6093161037
427,0.8404694614
428,0.8141944504
429,0.6553772247
430,0.7467597917
431,0.7987842488
432,0.6744756815
433,0.7915753752
434,0.8727594979
435,0.8469827754
436,0.8347435697
437,0.738456432
438,0.8782026528
439,0.8463755771
440,0.6789074828
441,0.6939435395
442,0.8527676294
443,0.7614415841
444,0.7762611153
445,0.7301187054
446,0.7389031316
447,0.7389031316
448,0.781786799
449,0.7435294949
450,0.8046588385
451,0.8046588385
452,0.7735569796
453,0.8093244359
454,0.7199842468
455,0.6764312188
456,0.8165434705
457,0.7241549562
458,0.7436843047
459,0.7346335767
460,0.7346335767
461,0.8737776659
462,0.7237663823
463,0.8006995249
464,0.7486697471
465,0.6933544499
466,0.6817061335
467,0.7416136571
468,0.7416136571
469,0.8685255199
470,0.8405992906
471,0.8779800472
472,0.6993200643
473,0.8072499402
474,0.706274456
475,0.8396469715
476,0.7479527535
477,0.6930694107
478,0.6930694107
479,0.82081237
480,0.7379926048
481,0.7002117874
482,0.744986761
483,0.7991478977
484,0.8582929087
485,0.7169616242
486,0.7169616242
487,0.6566217058
488,0.7710471331
489,0.7710471331
490,0.7857427316
491,0.7934340121
492,0.7934340121
493,0.722175342
494,0.7138749952
495,0.7022463748
496,0.9070331148
497,0.6377107467
498,0.8413073678
499,0.7390132581
500,0.8302091335
501,0.8302091335
502,0.7118949506
503,0.8485231132
504,0.8169487078
505,0.6747372305
506,0.819811222
507,0.747852448
508,0.747852448
509,0.7344127454
510,0.7970032751
511,0.7970032751
512,0.8475209309
513,0.8176517182
514,0.640519933
515,0.6592129111
516,0.7087217373
517,0.7603289916
518,0.8161934181
519,0.6663410481
520,0.6663410481
521,0.9573468148
522,0.7966175678
523,0.7483206807
524,0.6579535342
525,0.6613812831
526,0.683935396
527,0.742015224
528,0.8130744832
529,0.7253118074
530,0.6803778382
531,0.6959677647
532,0.6959677647
533,0.8801560822
534,0.664891192
535,0.7711592144
536,0.6700078919
537,0.7056081072
538,0.7493397675
539,0.8904106362
540,0.8904106362
541,0.7013633237
542,0.7594741159
543,0.766188772
544,0.7870014122
545,0.6542544385
546,0.8119912729
547,0.6973822918
548,0.7722209238
549,0.6762131109
550,0.6762131109
551,0.7135990893
552,0.8006404342
553,0.7159749153
554,0.8204245423
555,0.8477556697
556,0.8145461439
557,0.7343329735
558,0.7927312746
559,0.7927312746
560,0.7992793497
561,0.6731005281
562,0.6731005281
563,0.7984073284
564,0.743528172
565,0.6811665569
566,0.7870886931
567,0.7870886931
568,0.8053833733
569,0.6715165674
570,0.698422462
571,0.6641896168
572,0.8465607826
573,0.8877409766
574,0.8479114886
575,0.7253520989
576,0.7687570179
577,0.7990157729
578,0.8312820036
579,0.8346427315
580,0.6553229471
581,0.7835375795
582,0.8211222938
583,0.766941268
584,0.7435537993
585,0.8008537022
586,0.8320750064
587,0.7430392279
588,0.746528983
589,0.6671178134
590,0.8441500887
591,0.7900536513
592,0.7762841096
593,0.7585204949
594,0.6249056043
595,0.7177921429
596,0.788050273
597,0.8459712769
598,0.8459712769
599,0.7099155305
600,0.7449291692
601,0.7817709152
602,0.7522304783
603,0.8861124173
604,0.7480056319
605,0.737168937
606,0.7374584503
607,0.7374584503
608,0.6451605075
609,0.6302727598
610,0.7670733865
611,0.6782202694
612,0.7779088147
613,0.7393507411
614,0.7817684605
615,0.8447026542
616,0.6715150954
617,0.6678506509
618,1.1365699384
619,0.8572168425
620,0.7566135282
621,0.7566135282
622,0.7039037311
623,0.6443637095
624,0.6443637095
625,0.7437848733
626,0.6882716535
627,0.771840748
628,0.7623709217
629,0.731234311
630,0.7023315282
631,0.852965021
632,0.779102025
633,0.8147906315
634,0.7185997055
635,0.6531833984
636,0.7209526893
637,0.8503363894
638,0.8503363894
639,0.6986113266
640,0.7347692786
641,0.892907171
642,0.8562116234
643,0.7121772641
644,0.8141319792
645,0.678195982
646,0.7386437821
647,0.7787018329
648,0.6989032261
649,0.8429998729
650,0.8429998729
651,0.7256219987
652,0.7196400734
653,0.7532438631
654,0.7434624974
655,0.8803400228
656,0.7279532839
657,0.8277544085
658,0.7456690835
659,0.7140132532
660,0.7727409927
661,0.8348593867
662,0.7408464203
663,0.8417371867
664,0.6348497988
665,0.6584692695
666,0.7260057232
667,0.8000714423
668,0.7685558663
669,0.7299368211
670,0.7510152364
671,0.722829729
672,0.722829729
673,0.722829729
674,0.8253392292
675,0.8253392292
676,0.8253392292
677,0.8370221161
678,0.675008437
679,0.7713664249
680,0.7168991848
681,0.8398478655
682,0.7704227406
683,0.6539245317
684,0.8860837629
685,0.6321046145
686,0.7971462189
687,0.6967309019
688,0.8074839936
689,0.7943674802
690,0.7143281084
691,0.7050101408
692,0.8274197087
693,0.8428501619
694,0.740260822
695,0.740260822
696,0.6597160356
697,0.7406937729
698,0.7455720513
699,0.6948396198
700,0.7795501362
701,0.7795501362
702,0.6692768383
703,0.796692426
704,0.7723094494
705,0.8759577623
706,0.7052693253
707,0.811119162
708,0.8225363735
709,0.6661571018
710,0.8618220517
711,0.8296542633
712,0.6512855631
713,0.6512855631
714,0.7139903173
715,0.7658800356
716,0.657784544
717,0.6722284493
718,0.8439592811
719,0.6726274983
720,0.7454438627
721,0.7104767987
722,0.7283950608
723,0.7283106876
724,0.5968381752
725,0.8125602332
726,0.8315901578
727,0.7027700563
728,0.7300850917
729,0.6787401299
730,0.6531360274
731,0.8013367755
732,0.7265644373
733,0.7265644373
734,0.7390713636
735,0.7872695561
736,0.7790829528
737,0.6849322839
738,0.6808084167
739,0.8299576623
740,0.7979249687
741,0.7979249687
742,0.8270469667
743,0.7282795204
744,0.8220761664
745,0.7199182186
746,0.8516832718
747,0.8024971982
748,0.7067951785
749,0.7377931683
750,0.7499726768
751,0.8555433633
752,0.7342907869
753,0.8319155335
754,0.7603881597
755,0.6941494302
756,0.7811367501
757,0.8584076362
758,0.7039248548
759,0.6855452844
760,0.7433687015
761,0.7433687015
762,0.7782857948
763,0.7782857948
764,0.7182193105
765,0.7490967408
766,0.7924494975
767,0.7648650487
768,0.8444782496
769,0.8471904656
770,0.8471904656
771,0.8484827163
772,0.7850579536
773,0.7289069647
774,0.7836991376
775,0.7077247669
776,0.6681782453
777,0.7163228715
778,0.6798804081
779,0.8008255006
780,0.7686644587
781,0.7128965926
782,0.7497665395
783,0.6290831837
784,0.7434236365
785,0.8136749126
786,0.8136749126
787,0.7095242037
788,0.7338534171
789,0.6517649507
790,0.6872559428
791,0.8155322245
792,0.7615873185
793,0.8181896902
794,0.7925748269
795,0.7925748269
796,0.8109517539
797,0.7222755878
798,0.6943023748
799,0.7644456276
800,0.7837234531
801,0.7237638653
802,0.7476198208
803,0.8338012818
804,0.7440305119
805,0.703076229
806,0.609882541
807,0.8553198271
808,0.7241404712
809,0.6964348618
810,0.8570846913
811,0.7604552352
812,0.7484669251
813,0.7934660562
814,0.7071717598
815,0.7071717598
816,0.7524759657
817,0.8608125327
818,0.8004976694
819,0.6595690022
820,0.6595690022
821,0.8735819606
822,0.6869975214
823,0.678406234
824,0.7751975836
825,0.777944581
826,0.6705007473
827,0.634363883
828,0.7314643677
829,0.7673171991
830,0.7924626728
831,0.7094527457
832,0.8459841174
833,0.8505923505
834,0.8220594447
835,0.8326785677
836,0.7797557386
837,0.6686741204
838,0.6669959491
839,0.7488540681
840,0.7851763942
841,0.8383958478
842,0.795382303
843,0.6632557741
844,0.7044022684
845,0.7155707199
846,0.7980397037
847,0.7197711366
848,0.8116513243
849,0.7467214772
850,0.8009966623
851,0.6620067598
852,0.7365332416
853,0.711014221
854,0.7267531506
855,0.7251077986
856,0.88395019
857,0.7232554036
858,0.657915324
859,0.7237780334
860,0.7237780334
861,0.7384015984
862,0.8621431458
863,0.853132973
864,0.7710755643
865,0.6924588163
866,0.6842004024
867,0.7334497908
868,0.6973107082
869,0.6686076184
870,0.700449209
871,0.6948998509
872,0.8339802346
873,0.6709958662
874,0.7327917141
875,0.6416748877
876,0.8751481385
877,0.7312422812
878,0.7965540211
879,0.6840425778
880,0.7781132001
881,0.6948105741
882,0.747962144
883,0.7191526504
884,0.7350295919
885,0.7102708729
886,0.7102708729
887,0.7102708729
888,0.7101311973
889,0.7801348765
890,0.8280460525
891,0.7799922588
892,0.7121785885
893,0.7855996783
894,0.7874589009
895,0.8875175608
896,0.7060966007
897,0.7261481556
898,0.7066707716
899,0.7018300918
900,0.8508098857
901,0.7106029271
902,0.7575436612
903,0.7575436612
904,0.6605846171
905,0.5665529496
906,0.7143647635
907,0.7715072559
908,0.680570747
909,0.6885489178
910,0.7837887548
911,0.6995697958
912,0.8152507096
913,0.7784354106
914,0.76648255
915,0.7382162797
916,0.7625974882
917,0.8877019342
918,0.7490725405
919,0.7174443983
920,0.7379116893
921,0.7754063867
922,0.7996339822
923,0.8075976888
924,0.9097591315
925,0.8007417333
926,0.8711843439
927,0.6368502293
928,0.6375648355
929,0.7181171702
930,0.7181171702
931,0.8108214392
932,0.8486386644
933,0.7260850088
934,0.6907748402
935,0.6899169267
936,0.7495940733
937,0.7371065271
938,0.6535477008
939,0.780307204
940,0.6379533079
941,0.8030292811
942,0.7680155712
943,0.6917274496
944,0.8831840659
945,0.7754193139
946,0.7323422403
947,0.7390183959
948,0.8367193169
949,0.7342520741
950,0.6819263202
951,0.7533744293
952,0.5867400481
953,0.8176065492
954,0.8289905452
955,0.8149984183
956,0.8459330045
957,0.8936875132
958,0.8936875132
959,0.7362726271
960,0.7157538607
961,0.7360576813
962,0.8632468098
963,0.7979379256
964,0.6604005208
965,0.7539726931
966,0.7504919012
967,0.7522173964
968,0.6860033539
969,0.8598990238
970,0.6920579343
971,0.8161778088
972,0.7611422209
973,0.7843668327
974,0.782813863
975,0.782813863
976,0.759316526
977,0.8750622093
978,0.7378127227
979,0.751279158
980,0.751279158
981,0.7933390032
982,0.7389981142
983,0.6725906031
984,0.7665040105
985,0.7169085149
986,0.7418975113
987,0.7925232899
988,0.7996391066
989,0.7820826978
990,0.8964744653
991,0.8420037707
992,0.8101526122
993,0.7370275441
994,0.7331591342
995,0.8147212133
996,0.7127461798
997,0.8692246154
998,0.6601940974
999,0.7748111379
1000,0.7846131445
1001,0.8381877487
1002,0.8381877487
1003,0.7133825864
1004,0.8478731439
1005,0.7438073312
1006,0.8554562273
1007,0.8554562273
1008,0.7401686502
1009,0.780340052
1010,0.6730821114
1011,0.6853575117
1012,0.6995194295
1013,0.7406490621
1014,0.8343290592
1015,0.8343290592
1016,0.6762705551
1017,0.6928845866
1018,0.8366963246
1019,0.6210072155
1020,0.8414420481
1021,0.73546832
1022,0.6006094717
1023,0.7909283768
1024,0.779091812
1025,0.779091812
1026,0.7223478737
1027,0.7223478737
1028,0.6313590301
1029,0.8308205502
1030,0.7550146072
1031,0.6933043534
1032,0.7371334087
1033,0.7558852202
1034,0.6975908469
1035,0.8263790605
1036,0.7681433431
1037,0.7604405724
1038,0.6742551832
1039,0.8592641998
1040,0.8331301719
1041,0.7652059751
1042,0.8042115692
1043,0.8708206336
1044,0.7662769943
1045,0.7427492246
1046,0.6688368226
1047,0.8328592257
1048,0.7465021637
1049,0.8142201555
1050,0.8251030249
1051,0.7658463753
1052,0.7545835409
1053,0.8100951527
1054,0.8218687962
1055,0.7589627656
1056,0.7589627656
1057,0.6946178143
1058,0.6946178143
1059,0.6676595261
1060,0.6676595261
1061,0.7065353433
1062,0.7554405718
1063,0.7554405718
1064,0.7702197397
1065,0.6824239601
1066,0.6824239601
1067,0.7741451841
1068,0.7311601091
1069,0.7296754423
1070,0.8767197529
1071,0.6992457373
1072,0.7968790481
1073,0.7622119278
1074,0.8169172375
1075,0.731308541
1076,0.6544456397
1077,0.633698546
1078,0.7033088017
1079,0.8865524551
1080,0.6774092526
1081,0.714928585
1082,0.8193995936
1083,0.7454775997
1084,0.6771014797
1085,0.6771014797
1086,0.8462941395
1087,0.7762038253
1088,0.7907870197
1089,0.831005815
1090,0.703621703
1091,0.7285834309
1092,0.7727864395
1093,0.7814898725
1094,0.7814898725
1095,0.7287369085
1096,0.6619760381
1097,0.6854124346
1098,0.6783651905
1099,0.6439681414
1100,0.7335653611
1101,0.6947293158
1102,0.7575991837
1103,0.7860431426
1104,0.811602648
1105,0.730264667
1106,0.7094430707
1107,0.6563345458
1108,0.7547368728
1109,0.6708274048
1110,0.6708274048
1111,0.7187997173
1112,0.7123294079
1113,0.7263893402
1114,0.6503952908
1115,0.8985906157
1116,0.68881141
1117,0.8397835353
1118,0.6605074364
1119,0.6514172545
1120,0.7571678644
1121,0.8331802699
1122,0.6247732502
1123,0.6470677711
1124,0.6470677711
1125,0.7497165752
1126,0.6962107511
1127,2.3334259313
1128,0.8458978442
1129,0.7596694573
1130,0.7596694573
1131,0.6343765467
1132,0.7134550223
1133,0.7559271169
1134,0.7852145494
1135,0.5942575975
1136,0.8729299768
1137,0.8173676032
1138,0.5788297545
1139,0.6767330952
1140,0.6814731766
1141,0.8047958943
1142,0.6861362087
1143,0.7975808353
1144,0.811489251
1145,0.873724564
1146,0.771857838
1147,0.6084930563
1148,0.8003561515
1149,0.8003561515
1150,0.764649821
1151,0.6749000761
1152,0.8059316511
1153,0.8397038098
1154,0.7293945724
1155,0.6796994483
1156,0.7632409347
1157,0.6219069185
1158,0.6878473032
1159,0.7319286479
1160,0.783712397
1161,0.7608990421
1162,0.7930083277
1163,0.7930083277
1164,0.7095191529
1165,0.7594061375
1166,0.7695081318
1167,0.7290365518
1168,0.6641264511
1169,0.5724535739
1170,0.5724535739
1171,0.6814648527
1172,0.7279584557
1173,0.7107855852
1174,0.7047618149
1175,0.8580270569
1176,0.8004533715
1177,0.6545702459
1178,0.8034072111
1179,0.6436305448
1180,0.5678255271
1181,0.6803445016
1182,0.7093942504
1183,0.7451666909
1184,0.6605478954
1185,0.8502673287
1186,0.8502673287
1187,0.7716536691
1188,0.7497636952
1189,0.7788746844
1190,0.730748312
1191,0.7356001852
1192,0.7713044184
1193,0.8111936729
1194,0.857308749
1195,0.857308749
1196,0.805564317
1197,0.6813017361
1198,0.7132803295
1199,0.638449911
1200,0.8221835835
1201,0.7257937466
1202,0.6759583372
1203,0.8815642177
1204,0.6819232659
1205,0.6534258979
1206,0.8137473929
1207,0.8137473929
1208,0.6829984435
1209,0.8100020563
1210,0.6455014973
1211,0.8875963615
1212,0.6485976031
1213,0.9099614315
1214,0.7167941834
1215,0.714400358
1216,0.8825101852
1217,0.7243609305
1218,0.7243609305
1219,0.7506273279
1220,0.819428634
1221,0.6352016026
1222,0.6352016026
1223,0.8233493717
1224,0.8140786762
1225,0.6408265886
1226,0.7319663605
1227,0.6755349303
1228,0.6170689684
1229,0.7375381862
1230,0.7201924473
1231,0.8160481346
1232,0.8295731104
1233,0.7361479443
1234,0.7400085949
1235,0.6799252832
1236,0.7536206573
1237,0.7760723466
1238,0.6923427498
1239,0.8202399197
1240,0.7148727678
1241,0.815958707
1242,0.8323039852
1243,0.8692254679
1244,0.8458106374
1245,0.6684085055
1246,0.6684085055
1247,0.714062417
1248,0.8992957744
1249,0.6800173868
1250,0.6655785258
1251,0.7755888224
1252,0.7495979169
1253,0.8749190032
1254,0.7539341418
1255,0.7452253619
1256,0.7726266356
1257,0.7641574139
1258,0.7527790966
1259,0.6161846139
1260,0.6161846139
1261,0.8181941487
1262,0.6239723706
1263,0.8395845044
1264,0.6853896424
1265,0.6577677866
1266,0.6577677866
1267,0.6577677866
1268,0.7457821165
1269,0.6861245912
1270,0.6873594681
1271,0.732276915
1272,0.732276915
1273,0.7725996243
1274,0.8886066332
1275,0.8518412792
1276,0.7741941353
1277,0.7741941353
1278,0.8762384835
1279,0.7584251272
1280,0.7584251272
1281,0.7584251272
1282,0.6869214359
1283,0.7954357649
1284,0.7789264305
1285,0.7135015533
1286,0.6908448958
1287,0.8266152834
1288,0.6990534427
1289,0.7673237045
1290,0.7420510992
1291,0.6663332803
1292,0.7167672151
1293,0.7882887061
1294,0.7882887061
1295,0.7115604666
1296,0.6980037341
1297,0.7974452992
1298,0.7974452992
1299,0.79732953
1300,0.7364740003
1301,0.775782021
1302,0.6974220708
1303,0.7599884508
1304,0.7194773586
1305,0.6854540911
1306,0.7794841578
1307,0.7934732988
1308,0.7569670741
1309,0.779985199
1310,0.779985199
1311,0.8104286822
1312,0.7795981072
1313,0.7281330734
1314,0.8969584072
1315,0.7799623606
1316,0.6744129731
1317,0.7573595017
1318,0.7969854726
1319,0.700260199
1320,0.8530217143
1321,0.6934281865
1322,0.6590342658
1323,0.7984458076
1324,0.7483771873
1325,0.7669638878
1326,0.7642535548
1327,0.7642535548
1328,0.7642535548
1329,0.7978887865
1330,0.9018137101
1331,0.6923468799
1332,0.7025563704
1333,0.7025563704
1334,0.6545762239
1335,0.7017696605
1336,0.719897539
1337,0.6985288346
1338,0.6476006692
1339,0.8012265643
1340,0.8015783158
1341,0.8015783158
1342,0.6979438789
1343,0.6979438789
1344,0.7908393143
1345,0.7006279916
1346,0.8390469859
1347,0.8193590996
1348,0.7697420172
1349,0.7763655086
1350,0.8905129523
1351,0.8455081921
1352,0.6935426884
1353,0.6935426884
1354,0.6572121094
1355,0.701157432
1356,0.6745499172
1357,0.7333132361
1358,0.8105674485
1359,0.8533468192
1360,0.7196522364
1361,0.7196522364
1362,0.6477862535
1363,0.7294289229
1364,0.8016156397
1365,0.8016156397
1366,0.8462837759
1367,0.781249386
1368,0.6734510002
1369,0.8307781521
1370,0.846332635
1371,0.7491903746
1372,0.6832930968
1373,0.7443655374
1374,0.841844425
1375,0.7882056411
1376,0.8578893613
1377,0.8756838281
1378,0.7334953814
1379,0.8230026994
1380,0.7048294975
1381,0.6799478701
1382,0.6916869611
1383,0.6902816163
1384,0.7857516678
1385,0.7857516678
1386,0.8153180661
1387,0.8283633895
1388,0.8674808569
1389,0.6972005074
1390,0.7529295268
1391,0.6934018863
1392,0.6934018863
1393,0.7107165419
1394,0.8729122195
1395,0.6671163658
1396,0.7422052814
1397,0.834148795
1398,0.827729733
1399,0.7957006383
1400,0.7010629174
1401,0.8775105641
1402,0.8437375467
1403,0.7778016907
1404,0.7262179549
1405,0.8080831639
1406,0.7424900181
1407,0.8089446659
1408,0.7631025171
1409,0.8247339842
1410,0.8648696215
1411,0.8312818462
1412,0.7113835975
1413,0.7113835975
1414,0.7113835975
1415,0.7657649364
1416,0.7685784174
1417,0.6648886514
1418,0.7235227913
1419,0.8085746646
1420,0.8767618425
1421,0.6755824388
1422,0.7639386239
1423,0.6572770561
1424,0.7046524313
1425,0.7597198419
1426,0.7349010583
1427,0.8039527518
1428,0.8294914908
1429,0.6380648568
1430,0.8793717496
1431,0.8136477047
1432,0.7641798997
1433,0.758039043
1434,0.6475499423
1435,0.7558732778
1436,0.7558732778
1437,0.6839556598
1438,0.7701106219
1439,0.684964471
1440,0.6603444514
1441,0.6989440191
1442,0.7111268141
1443,0.7317228242
1444,0.6996258409
1445,0.8623678197
1446,0.7050359685
1447,0.687092665
1448,0.7267886715
1449,0.7440095593
1450,0.7440095593
1451,0.6958841126
1452,0.7775853906
1453,0.8401875562
1454,0.7603615455
1455,0.7827857364
1456,0.705102269
1457,0.6468307899
1458,0.7088906847
1459,0.819898632
1460,0.6935181464
1461,0.6935181464
1462,0.6960164665
1463,0.7131154796
1464,0.8178494326
1465,0.8178494326
1466,0.7384808426
1467,0.7160682397
1468,0.6803963396
1469,0.7648281334
1470,0.7648281334
1471,0.7473436301
1472,0.6939353299
1473,0.8049307465
1474,0.8399752419
1475,0.7161198832
1476,0.6976027209
1477,0.8620945436
1478,0.642387116
1479,0.827430287
1480,0.827430287
1481,0.7496159609
1482,0.6704351149
1483,0.6517618997
1484,0.6839765161
1485,0.7320644037
1486,0.6702899256
1487,0.6726385832
1488,0.7520472002
1489,0.6956600653
1490,0.7469620063
1491,0.7360864076
1492,0.7093631094
1493,0.8621411538
1494,0.8774308869
1495,0.7895798442
1496,0.6959413564
1497,0.6591489896
1498,0.7786923074
1499,0.7501909126
1500,0.8296834229
1501,0.7905186847
1502,0.8644903942
1503,0.8644903942
1504,0.72828653
1505,0.745283585
1506,0.828796559
1507,0.7629727645
1508,0.7187422419
1509,0.8455744373
1510,0.7384030555
1511,0.8821397311
1512,0.789964087
1513,0.7052419051
1514,0.7052419051
1515,0.7749240268
1516,0.7471509784
1517,0.7108902394
1518,0.7496838684
1519,0.6275768638
1520,0.6275768638
1521,0.6545987965
1522,0.8139701095
1523,0.8103312728
1524,0.7583619575
1525,0.6913554431
1526,0.7530307134
1527,0.6353200768
1528,0.8114594406
1529,0.736415154
1530,0.8826894635
1531,0.7658492758
1532,0.9004765227
1533,0.7685974084
1534,0.7556870884
1535,0.7556870884
1536,0.7556870884
1537,0.6890832942
1538,0.7272658477
1539,0.6639073585
1540,0.7506633919
1541,0.7209304375
1542,0.8113776179
1543,0.7658856015
1544,0.6843432006
1545,0.7647741351
1546,0.7736761454
1547,0.6904431444
1548,0.8635464406
1549,0.8147880147
1550,0.8147880147
1551,0.6827580288
1552,0.7863417916
1553,0.6599574044
1554,0.689430208
1555,0.6732366638
1556,0.8348929349
1557,0.7018694559
1558,0.7791441987
1559,0.705047881
1560,0.7585487947
1561,0.8055674873
1562,0.7715516516
1563,0.8109969213
1564,0.8115563838
1565,0.7707485676
1566,0.6681310266
1567,0.7354912752
1568,0.6252872112
1569,0.8078074437
1570,0.6757812315
1571,0.6523561504
1572,0.7129620262
1573,0.8397655431
1574,0.706142256
1575,0.6961269829
1576,0.8113502562
1577,0.6330281148
1578,0.8175088153
1579,0.6952684113
1580,0.770195702
1581,0.7650561194
1582,0.7051516424
1583,0.7572684615
1584,0.7917460693
1585,0.7473336432
1586,0.7044853188
1587,0.7044853188
1588,0.6840775647
1589,0.8606283146
1590,0.77212295
1591,0.77212295
1592,0.87922521
1593,0.6625472547
1594,0.7073228262
1595,0.7977995552
1596,0.8284398931
1597,0.7215412114
1598,0.7697516915
1599,0.8845671879
1600,0.8109388017
1601,1.660679119
1602,0.8413328769
1603,0.6926082004
1604,0.6372320875
1605,0.7415134563
1606,0.6725017754
1607,0.6895884658
1608,0.6895884658
1609,0.8532141622
1610,0.7560411279
1611,0.8223949437
1612,0.8575697019
1613,0.6937216406
1614,0.8051295117
1615,0.6498547577
1616,0.7492229206
1617,0.7998620571
1618,0.7039996113
1619,0.8676831346
1620,0.8676831346
1621,0.7364877779
1622,0.8708838747
1623,0.8708838747
1624,0.7093261127
1625,0.7697277052
1626,0.7742919356
1627,0.8283149948
1628,0.6502028483
1629,0.8517307374
1630,0.6890541684
1631,0.6595962208
1632,0.7624969857
1633,0.8405280845
1634,0.8387710164
1635,0.66425783
1636,0.7753065893
1637,0.7796583921
1638,0.8615346724
1639,0.7867125696
1640,0.7867125696
1641,0.8088741247
1642,0.7268676367
1643,0.6555922903
1644,0.6663341301
1645,0.8328026658
1646,0.7763034055
1647,0.7763034055
1648,0.8378441077
1649,0.82176289
1650,0.82176289
1651,0.8373769624
1652,0.8373769624
1653,0.7048759715
1654,0.8589761075
1655,0.678268458
1656,0.852909695
1657,0.8544870486
1658,0.7039910375
1659,0.8889787153
1660,0.6908759439
1661,0.6785060612
1662,0.7654312561
1663,0.6554924237
1664,0.8454378581
1665,0.8534497136
1666,0.5931637396
1667,0.7844198189
1668,0.7387927738
1669,0.7027193331
1670,0.612279076
1671,0.6867318464
1672,0.8186572963
1673,0.8966196133
1674,0.8137426704
1675,0.6496051764
1676,0.8528727948
1677,0.7420387711
1678,0.8526884294
1679,0.6587997122
1680,0.7026391135
1681,0.9078456811
1682,0.849272155
1683,0.7772489785
1684,0.8575329437
1685,0.7903406242
1686,0.639204402
1687,0.8489147635
1688,0.8567358035
1689,0.7550038662
1690,0.867103609
1691,0.8114953906
1692,0.8612138176
1693,0.8528310094
1694,0.8255158989
1695,0.7208310625
1696,0.7572131836
1697,0.6909499898
1698,0.7143897216
1699,0.7348011765
1700,0.7640839943
1701,0.7395340209
1702,0.8763877287
1703,0.8763877287
1704,0.6907317731
1705,0.6367233946
1706,0.7372212652
1707,0.7372212652
1708,0.8600678598
1709,0.7778673091
1710,0.7310827961
1711,0.6900495822
1712,0.6849678539
1713,0.7718482723
1714,0.8317944961
1715,0.8317944961
1716,0.7851959278
1717,0.7868995152
1718,0.7747797767
1719,0.6909660267
1720,0.8509530042
1721,0.7170613747
1722,0.850990442
1723,0.841157297
1724,0.6732711567
1725,0.8487983318
1726,0.8248062269
1727,0.8631001148
1728,0.6989606192
1729,0.8902619872
1730,0.7784810809
1731,0.8273711735
1732,0.7953142718
1733,0.8706040991
1734,0.869782875
1735,0.7739987211
1736,0.6966391146
1737,0.719119149
1738,0.7822080989
1739,0.7455550212
1740,0.7294244728
1741,0.8776298484
1742,0.8120864
1743,0.8251637439
1744,0.7044679637
1745,0.77305132
1746,0.8065625608
1747,0.8065625608
1748,0.8166982171
1749,0.7437568044
1750,0.7857721163
1751,0.7229002607
1752,0.6186111792
1753,0.7762083629
1754,0.727003996
1755,0.7483028137
1756,0.778224564
1757,0.796392652
1758,0.7011224523
1759,0.8644226626
1760,0.8252081363
1761,0.6953154797
1762,0.8336798615
1763,0.8285570166
1764,0.7991974769
1765,0.7510817723
1766,0.7510817723
1767,0.8107753276
1768,0.7970422839
1769,0.7456688201
1770,0.6424186998
1771,0.6424186998
1772,0.6424186998
1773,0.6424186998
1774,0.830365611
1775,0.62431929
1776,0.8213121503
1777,0.7348372438
1778,0.7412370057
1779,0.7649247863
1780,0.7151296196
1781,0.7897444269
1782,0.7964810218
1783,0.7764492699
1784,0.6895716194
1785,0.8873812535
1786,0.696518721
1787,0.8767959032
1788,0.7445673936
1789,0.7154846113
1790,0.7458051325
1791,0.7370735868
1792,0.6943481234
1793,0.6943481234
1794,0.8735754627
1795,0.6964446843
1796,0.8289605061
1797,0.8917412203
1798,0.7072541368
1799,0.877164615
1800,0.7508179895
1801,0.871358801
1802,0.7092625561
1803,0.8290329713
1804,0.8290329713
1805,0.7022043877
1806,0.7120703082
1807,0.809352663
1808,0.8021818333
1809,0.7537799667
1810,0.7944024274
1811,0.8175993598
1812,0.842572112
1813,0.7290518346
1814,0.7290518346
1815,0.8597682915
1816,0.8597682915
1817,0.7139428522
1818,0.7612813338
1819,0.7888790364
1820,0.7152013947
1821,0.8680868874
1822,0.8460322186
1823,0.7863180438
1824,0.7867842673
1825,0.750877525
1826,0.6250455495
1827,0.7484624067
1828,0.7112678308
1829,0.7642229142
1830,0.8031439611
1831,0.7384614286
1832,0.7363728051
1833,0.8048730058
1834,0.6823144616
1835,0.7325041763
1836,0.886986063
1837,0.7609726758
1838,0.7609726758
1839,0.7775626881
1840,0.821869502
1841,0.6400556177
1842,0.7354901283
1843,0.7468549457
1844,0.7315236116
1845,0.7551597325
1846,0.7669040481
1847,0.7282884023
1848,0.8782428798
1849,0.8782428798
1850,0.8677264684
1851,0.7527399818
1852,0.7527399818
1853,0.8160942059
1854,0.7777319526
1855,0.6245717234
1856,0.7421459492
1857,0.7891381304
1858,0.6184930054
1859,0.71549092
1860,0.71549092
1861,0.7157478339
1862,0.871709136
1863,0.7850714215
1864,0.7704112082
1865,0.7532428248
1866,0.7532428248
1867,0.7430467501
1868,0.7430467501
1869,0.7818593648
1870,0.6866372066
1871,0.8611159211
1872,0.6482253521
1873,0.8379750869
1874,0.6479568772
1875,0.6833517044
1876,0.7551891574
1877,0.7551891574
1878,0.8096208927
1879,0.6391631869
1880,0.7944936808
1881,0.7452124358
1882,0.7409396516
1883,0.7409396516
1884,0.7959582154
1885,0.737705941
1886,0.7984040768
1887,0.8090535508
1888,0.8907754863
1889,0.8635815698
1890,0.8394656377
1891,0.7114945179
1892,0.7834164975
1893,0.6470185853
1894,0.674430544
1895,0.79783929
1896,0.777360483
1897,0.7187345014
1898,0.7439100495
1899,0.8374941452
1900,0.7005177076
1901,0.7005177076
1902,0.690709809
1903,0.690709809
1904,0.6846154429
1905,0.6915653166
1906,0.7974917543
1907,0.7974917543
1908,0.8060680393
1909,0.7974814497
1910,0.8666396845
1911,0.6987496896
1912,0.6994772467
1913,0.77033418
1914,0.7493082607
1915,0.8282362891
1916,0.8466422382
1917,0.8592101738
1918,0.7193241628
1919,0.8340833546
1920,0.7067084561
1921,0.7293149876
1922,0.7896933738
1923,0.8474556048
1924,0.8411262122
1925,0.8411262122
1926,0.634485626
1927,0.751049305
1928,0.7781118087
1929,0.7790935586
1930,0.6887033964
1931,0.6929227696
1932,0.7554108014
1933,0.6681780127
1934,0.8613285808
1935,0.79209687
1936,0.8761318373
1937,0.6605723187
1938,0.6611751324
1939,0.6678786412
1940,0.7662823626
1941,0.6834038186
1942,0.8244623621
1943,0.6785386628
1944,0.6664899114
1945,0.7856580795
1946,0.8091253017
1947,0.7820654036
1948,0.7712759011
1949,0.728841371
1950,0.8161990824
1951,0.763250992
1952,0.8561278749
1953,0.8542563682
1954,0.7368815792
1955,0.739360781
1956,0.8903555744
1957,0.8903555744
1958,0.733749017
1959,0.720919374
1960,1.15589784
1961,0.743893721
1962,0.8501314007
1963,0.7099844087
1964,0.6464285197
1965,0.7295817209
1966,0.7859192495
1967,0.7169031058
1968,0.7848181901
1969,0.8104041149
1970,0.665647509
1971,0.7316682577
1972,0.7645153511
1973,0.7579323066
1974,0.658168826
1975,0.8069480426
1976,0.9161947642
1977,0.7466447029
1978,0.728760056
1979,0.8172938186
1980,0.7973926596
1981,0.8276074642
1982,0.8276074642
1983,0.7748470133
1984,0.7612844159
1985,0.7612844159
1986,0.8059947141
1987,0.6676022769
1988,0.7442920695
1989,0.6638266549
1990,0.8899607885
1991,0.8899607885
1992,0.7660356526
1993,0.7660356526
1994,0.7369635145
1995,0.7225769217
1996,0.6634715828
1997,0.8443443855
1998,0.873914333
1999,0.606583343
2000,0.6774492647
2001,0.661027334
2002,0.6806375468
2003,0.7369391262
2004,0.6893006333
2005,0.6652596999
2006,0.8454721841
2007,0.8586893271
2008,0.7743995084
2009,0.6844078682
2010,0.747173865
2011,0.8366387026
2012,0.7873867097
2013,0.7076606439
2014,0.7539194903
2015,0.7485410234
2016,0.7732972008
2017,0.6846603843
2018,0.7018768444
2019,0.6558459645
2020,0.8268228415
2021,0.818852
2022,0.7180144995
2023,0.7180144995
2024,0.6978460778
2025,0.7890299236
2026,0.7118581525
2027,0.7953118404
2028,0.7754507213
2029,0.8020525058
2030,0.6917545667
2031,0.8225314605
2032,0.6588691379
2033,0.8128616202
2034,0.7923613801
2035,0.8673124716
2036,0.877254652
2037,0.7677705528
2038,0.6945907846
2039,0.7371404511
2040,0.7130695834
2041,0.6992522934
2042,0.8175436249
2043,0.7184004833
2044,0.8276309315
2045,0.8527417656
2046,0.7151054822
2047,0.7474895545
2048,0.6637103011
2049,0.850417468
2050,0.746671408
2051,0.6703252831
2052,0.7855926491
2053,0.671385315
2054,0.7234371702
2055,0.7710913066
2056,0.7704039416
2057,0.7417901224
2058,0.778989305
2059,0.6571522414
2060,0.7893031558
2061,0.902187915
2062,0.7323191224
2063,0.7857841487
2064,0.6795065571
2065,0.8474489004
2066,0.8474489004
2067,0.8360055892
2068,0.7346893
2069,0.7346893
2070,0.7346893
2071,0.8074708243
2072,0.693776972
2073,0.8999193855
2074,0.8999193855
2075,0.8287180327
2076,0.6958305907
2077,0.7093271387
2078,0.7093271387
2079,0.7546405914
2080,0.8748834207
2081,0.7825864804
2082,0.670862126
2083,0.665898545
2084,0.6521240463
2085,0.6521240463
2086,0.8751695489
2087,0.8452412254
2088,0.8060895849
2089,0.8126229285
2090,0.8936351714
2091,0.6561481021
2092,0.7703015267
2093,0.7844728233
2094,0.7959050173
2095,0.7255487697
2096,0.6693598878
2097,0.6982943361
2098,0.7230799728
2099,0.831836378
2100,0.831836378
2101,0.8134542839
2102,0.6917772575
2103,0.6917772575
2104,0.8979733165
2105,0.796465022
2106,0.7936231179
2107,0.6406479366
2108,0.8633823276
2109,0.7373362854
2110,0.7550147172
2111,0.6334530819
2112,0.8341474979
2113,0.7968438271
2114,0.7409882887
2115,0.702492496
2116,0.7854565111
2117,0.836455371
2118,0.6800684895
2119,0.780096986
2120,0.8684907567
2121,0.7523351833
2122,0.6784007897
2123,0.7136502798
2124,0.9042862421
2125,0.6548027515
2126,0.6040056266
2127,0.669674959
2128,0.7477878265
2129,0.7267359923
2130,0.7204407407
2131,0.7282803035
2132,0.7543107297
2133,0.7770237355
2134,0.6829722865
2135,0.6852267564
2136,0.8689386723
2137,0.8786273147
2138,0.7561492054
2139,0.7190930077
2140,0.8643240821
2141,0.7364550057
2142,0.7027587884
2143,0.7027587884
2144,0.6727990057
2145,0.7494849531
2146,0.6814801082
2147,0.8657974893
2148,0.7789854633
2149,0.7996913024
2150,0.6455853241
2151,0.6910505849
2152,0.6892833497
2153,0.7701276503
2154,0.8474766288
2155,0.5607371076
2156,0.7794421138
2157,0.7674906454
2158,0.7137788389
2159,0.7288709823
2160,0.8722798488
2161,0.6748461915
2162,0.6809106882
2163,0.8038999426
2164,0.8393792332
2165,0.7148593622
2166,0.7148593622
2167,0.8410089401
2168,0.6931321772
2169,0.8400308196
2170,0.7181713634
2171,0.8156070269
2172,0.732172652
2173,0.7963211562
2174,0.6439282286
2175,0.7701166314
2176,0.7701166314
2177,0.6726492448
2178,0.7420020714
2179,0.6579223742
2180,0.6324242524
2181,0.698072233
2182,0.8660809109
2183,0.8557403453
2184,0.8766408963
2185,0.70232867
2186,0.9003161292
2187,0.6852470555
2188,0.8253180316
2189,0.8113220759
2190,0.6965114455
2191,0.634428748
2192,0.7010471458
2193,0.7188344395
2194,0.7545979679
2195,0.7298954082
2196,0.73867448
2197,0.774895621
2198,0.765400939
2199,0.7373934801
2200,0.7247710079
2201,0.7535959601
2202,0.7456914781
2203,0.7530309744
2204,0.639240686
2205,0.7057229519
2206,0.8076837922
2207,0.7717750173
2208,0.6734688295
2209,0.7809674533
2210,0.5955779868
2211,0.8094048847
2212,0.7073725358
2213,0.6968703304
2214,0.8206178429
2215,0.7307955368
2216,0.7307955368
2217,0.7275953489
2218,0.8577875511
2219,0.769822423
2220,0.6375435519
2221,0.6080600368
2222,0.8080344854
2223,0.6755222216
2224,0.6885589823
2225,0.8737220612
2226,0.803192976
2227,0.8455051514
2228,0.7716045347
2229,0.6785369224
2230,0.7428523406
2231,0.7438608495
2232,0.7319887254
2233,0.7746406422
2234,0.7394902621
2235,0.7305775409
2236,0.8206001628
2237,0.6070039696
2238,0.7661858387
2239,0.7769942892
2240,0.8111895635
2241,0.6924765219
2242,0.7212000662
2243,0.6420847337
2244,0.8611009821
2245,0.7432255729
2246,0.8633019593
2247,0.8807429991
2248,0.6865448882
2249,0.7489283077
2250,0.772215317
2251,0.772215317
2252,0.7854429095
2253,0.8091165897
2254,0.8121290972
2255,0.6820176522
2256,0.792733101
2257,0.6413128969
2258,0.6727287904
2259,0.6727287904
2260,0.6969037794
2261,0.6763133479
2262,0.675106257
2263,0.7011536451
2264,0.70168825
2265,0.7203037455
2266,0.7269276643
2267,0.6983744036
2268,0.6983744036
2269,0.7824200945
2270,0.7327999347
2271,0.5744276959
2272,0.7469046029
2273,0.7232842292
2274,0.6695713451
2275,0.6695713451
2276,0.6996921547
2277,0.8710488494
2278,0.6945632915
2279,0.7813472562
2280,0.7809318795
2281,0.73842928
2282,0.7739594585
2283,0.8385450413
2284,0.8682325667
2285,0.7502421065
2286,0.8209971472
2287,0.6459642659
2288,0.6459642659
2289,0.869792955
2290,0.869792955
2291,0.71611184
2292,0.8426564298
2293,0.849728493
2294,0.849728493
2295,0.849728493
2296,0.7629942278
2297,0.8667856589
2298,0.8141789224
2299,0.6827692283
2300,0.8372004651
2301,0.7738870536
2302,0.770543962
2303,0.7354811766
2304,0.7187294288
2305,0.8801423935
2306,0.8719702752
2307,0.8086393588
2308,0.7677181311
2309,0.7582841167
2310,0.5845628331
2311,0.5845628331
2312,0.6792713269
2313,0.823553543
2314,0.7463461769
2315,0.5875806308
2316,0.7462101128
2317,0.7462101128
2318,0.6747827458
2319,0.7418874503
2320,0.7559542274
2321,0.674131264
2322,0.7940104605
2323,0.8440682045
2324,0.7908068586
2325,0.7483849315
2326,0.6994234668
2327,0.7622458041
2328,0.7902157437
2329,0.7534458009
2330,0.7555797001
2331,0.7545414208
2332,0.8340519018
2333,0.7736169412
2334,0.6823796147
2335,0.7540753023
2336,0.8615160776
2337,0.8615160776
2338,0.6306564957
2339,0.6357539472
2340,0.6357539472
2341,0.7653210281
2342,0.8372154903
2343,0.8189630324
2344,0.8813611415
2345,0.661924265
2346,0.7152860981
2347,0.6805308216
2348,0.7631371453
2349,0.5897365286
2350,0.6964167247
2351,0.7252984654
2352,0.8541418339
2353,0.6347689903
2354,0.7580522429
2355,0.7401662588
2356,0.835455677
2357,0.7890900475
2358,0.7312286456
2359,0.8772023716
2360,0.819469576
2361,0.7396415137
2362,0.8737515903
2363,0.6745307185
2364,0.6695921954
2365,0.6695921954
2366,0.6717371014
2367,0.6717371014
2368,0.8442131755
2369,0.8659066384
2370,0.741445269
2371,0.6876613365
2372,0.7860351816
2373,0.7773330117
2374,0.8351288511
2375,0.6825014158
2376,0.8470605745
2377,0.8769509563
2378,0.6436360184
2379,0.8962923728
2380,0.7388790602
2381,0.77620428
2382,0.6266461652
2383,0.8254536447
2384,0.7664519571
2385,0.8342954071
2386,0.7485011121
2387,0.8071768403
2388,0.8463306581
2389,0.6653450338
2390,0.6653450338
2391,0.8399159111
2392,0.8114543306
2393,0.6299876444
2394,0.6874523499
2395,0.6602748657
2396,0.7643042061
2397,0.8086749329
2398,0.7639558169
2399,0.8538100874
2400,0.7193239432
2401,0.6846044788
2402,0.6612546005
2403,0.6612546005
2404,0.733066441
2405,0.7343040091
2406,0.7343040091
2407,0.6664122299
2408,0.7665557544
2409,0.7944512162
2410,0.7618903713
2411,0.7618903713
2412,0.6878752941
2413,0.7100440457
2414,0.880583814
2415,0.7836399144
2416,0.845317074
2417,0.7319650273
2418,0.7486388096
2419,0.7364527229
2420,0.7805943313
2421,0.8483984149
2422,0.7622888626
2423,0.6701263379
2424,0.7960737442
2425,0.8700501319
2426,0.8163140979
2427,0.7127972787
2428,0.6490087485
2429,0.7575851376
2430,0.7391115107
2431,0.6301256473
2432,0.6547022139
2433,0.6575708969
2434,0.851807926
2435,0.851807926
2436,0.74796061
2437,0.7979542965
2438,0.8085392773
2439,0.7864735295
2440,0.7474630691
2441,0.8408541868
2442,0.7089604243
2443,0.8443406213
2444,0.8780970481
2445,0.6797037686
2446,0.7034392502
2447,0.7655888865
2448,0.7655888865
2449,0.7731703113
2450,0.7946945717
2451,0.7936231968
2452,0.8289254844
2453,0.6729037195
2454,0.7995566277
2455,0.7749576036
2456,0.7749576036
2457,0.7749576036
2458,0.674701015
2459,0.7542701274
2460,0.7542701274
2461,0.7542701274
2462,0.6654305687
2463,0.8231760246
2464,0.6807361824
2465,0.6597331396
2466,0.7882038517
2467,459.9086677993
2468,0.7593283248
2469,0.7593283248
2470,0.6198707062
2471,0.7748909961
2472,0.7709702132
2473,0.8269364574
2474,0.765378257
2475,0.8315366277
2476,0.696948557
2477,0.696948557
2478,0.7734279046
2479,0.6886339514
2480,0.820537258
2481,0.6738166348
2482,0.6559918394
2483,0.6626277022
2484,0.8305404344
2485,0.7092808138
2486,0.8233482258
2487,0.8233482258
2488,0.6892197474
2489,0.6892197474
2490,0.8240769195
2491,0.8087364931
2492,0.8087364931
2493,0.5841867129
2494,0.7672995157
2495,0.7839577182
2496,0.8581228464
2497,0.635244698
2498,0.7980633498
2499,0.7709174866
2500,0.7774915506
2501,0.7013972653
2502,0.6778822486
2503,0.6712170353
2504,0.7406494303
2505,0.7916537087
2506,0.7432554009
2507,0.784333841
2508,0.7845216553
2509,0.8798274826
2510,0.6778119828
2511,0.7957171276
2512,0.7612528455
2513,0.7612528455
2514,0.7353746314
2515,0.752570568
2516,0.716402327
2517,0.7120891945
2518,0.588155043
2519,0.791589977
2520,0.7643661223
2521,0.6972292075
2522,0.8026299532
2523,0.7241030677
2524,0.9008242887
2525,0.8113374123
2526,0.7757450191
2527,0.8542606921
2528,0.7399826991
2529,0.6682436788
2530,0.6682436788
2531,0.7222484724
2532,0.754430511
2533,0.8194333317
2534,0.8271350118
2535,0.6978956668
2536,0.6919981967
2537,0.6667241746
2538,0.8312296572
2539,0.7138072526
2540,0.7364841434
2541,0.705827027
2542,0.7781243203
2543,0.8772616756
2544,0.7382132196
2545,0.7354845485
2546,0.6993475987
2547,0.7579644847
2548,0.7579644847
2549,0.6710919657
2550,0.8078312287
2551,0.6841665752
2552,0.856406537
2553,0.7702434983
2554,0.8267653033
2555,0.7400677826
2556,0.7974290833
2557,0.6865027441
2558,0.7191747422
2559,0.7805500539
2560,0.7805500539
2561,0.7724745022
2562,0.7724745022
2563,0.7094704925
2564,0.7184119221
2565,0.8286415039
2566,0.7753696044
2567,0.8366535571
2568,0.8238076562
2569,0.8233435219
2570,0.8707611836
2571,0.7582086351
2572,0.7582086351
2573,0.8010551916
2574,0.6391414228
2575,0.7745337786
2576,0.7785059512
2577,0.8740628333
2578,0.7116215079
2579,0.8708682864
2580,0.6533358379
2581,0.6533358379
2582,0.7468670104
2583,0.8172868074
2584,0.8002284678
2585,0.8002284678
2586,0.7650606019
2587,0.7932093898
2588,0.7291185298
2589,0.8169188929
2590,0.7460007037
2591,0.7158651635
2592,0.6901823864
2593,0.635991919
2594,0.8405781976
2595,0.6462582313
2596,0.7530678435
2597,0.8687988308
2598,0.7790773961
2599,0.8888317819
2600,0.8608559543
2601,0.6735430838
2602,1.0905512266
2603,0.7952634058
2604,0.7952634058
2605,0.7674290377
2606,0.806318525
2607,0.8218956787
2608,0.6960575995
2609,0.7148789439
2610,0.7476133619
2611,0.7476133619
2612,0.7804358161
2613,0.7474489645
2614,0.7474489645
2615,0.6542367907
2616,0.8797540608
2617,0.7748247613
2618,0.8502625294
2619,0.6744337219
2620,0.8317067725
2621,0.6947953437
2622,0.7782613748
2623,0.7782613748
2624,0.72182925
2625,0.734127897
2626,0.8013712883
2627,0.6872127271
2628,0.8224706419
2629,0.7660331931
2630,0.7435196584
2631,0.7609569908
2632,0.6648075605
