,ble,bme,coexm,coemm,cen_radl,delta0,delta1
0,5.375,4.0479,0.6194,0.6671,0.5757,-5.9986,11.1186
1,5.3288,4.1025,0.4402,0.6318,0.7181,-5.7348,6.4366
2,4.5963,4.1765,0.3865,0.3217,0.8440000000000001,-6.7263,5.018
3,4.8866,4.0672,0.4113,0.5283,0.6821,-8.9407,14.5496
4,5.0998,4.2816,0.6034,0.3979,0.8046,-8.2944,13.3017
5,4.4268,3.9162,0.6813,0.4584,0.52,-8.8911,11.8034
6,4.1362,4.0325,0.4439,0.5835,0.5849,-5.0217,8.4607
7,5.2364,4.1069,0.3611,0.3545,0.5109,-7.5048,9.1763
8,5.001,3.8493,0.3185,0.6559,0.5625,-9.3676,7.8853
9,4.0615,4.2539,0.3301,0.3502,0.6057,-7.3871,12.0243
10,4.6629,4.2626,0.6706,0.5479,0.7007,-8.27,7.6309
11,5.2415,4.065,0.5703,0.379,0.6698,-5.9206,5.7722
12,5.0378,4.2291,0.3182,0.3475,0.9321,-5.5974,8.4906
13,5.0585,3.9838,0.3136,0.4801,0.9948,-8.137,8.7297
14,4.9444,4.0902,0.6499,0.5733,0.5045,-6.5409,9.0248
15,4.8612,4.2014,0.5786,0.4138,0.8404,-5.0352,7.358
16,4.0648,4.079,0.3238,0.4967,0.9244,-7.0558,8.1086
17,4.8663,3.8439,0.5615,0.3585,0.9625,-9.4114,10.6947
18,5.3931,3.8289,0.4143,0.6236,0.9516,-7.5685,11.1627
19,4.3514,4.2812,0.6509999999999999,0.4265,0.8559,-5.1175,10.3542
20,4.2346,4.4757,0.3829,0.6795,0.5833,-8.7653,7.9708
21,4.0818,4.2138,0.3313,0.5884,0.6834,-5.6009,10.2437
22,4.603,4.3183,0.3757,0.6901,0.9742,-6.1778,8.5873
23,4.3389999999999995,4.056,0.4246,0.3722,0.7859999999999999,-9.575,9.2611
24,4.6206,4.2022,0.4124,0.3574,0.7604,-7.2346,13.1041
25,4.0924,4.36,0.6609,0.34700000000000003,0.8085,-8.9728,11.1928
26,4.2999,3.8919,0.6802,0.5068,0.9547,-5.2138,11.6597
27,5.1695,3.9871,0.6027,0.6881,0.7592,-5.8848,8.0074
28,4.144,4.2598,0.4205,0.5119,0.8112,-9.9536,12.4867
29,4.5311,4.0584,0.5306,0.6462,0.8975,-9.9351,9.4005
30,4.2867,3.9422,0.4703,0.5588,0.9012,-5.3729,10.071
31,4.9935,3.9587,0.4461,0.5529,0.6534,-9.3969,11.6885
32,4.7193,4.0036,0.6551,0.3698,0.8572,-9.8304,10.7209
33,5.3979,4.2043,0.5179,0.573,0.9721,-5.0534,9.2218
34,4.4661,4.379,0.3173,0.4221,0.8107,-9.7379,10.5175
35,5.2499,4.4104,0.3787,0.4309,0.6978,-5.4192,10.0073
36,4.5974,4.4706,0.6719,0.5717,0.6388,-7.6188,12.6328
37,4.5946,4.4494,0.4048,0.375,0.6294,-7.2654,6.0732
38,4.9119,4.1685,0.584,0.397,0.7959999999999999,-5.8593,13.0498
39,4.9825,3.8026,0.5693,0.413,0.5851,-8.2255,13.5567
40,4.2826,4.1231,0.5739,0.5925,0.8322,-9.206,11.7708
41,4.1235,3.8259,0.6836,0.6417,0.7134,-5.5704,9.6443
42,4.7537,4.24,0.6487,0.631,0.5737,-7.425,14.9594
43,4.8588,3.9063,0.4931,0.5169,0.7,-8.9949,10.9372
44,4.2139,4.4818,0.5016,0.4939,0.8839,-7.3629999999999995,13.1638
45,4.135,4.1157,0.6333,0.6758,0.5812,-7.0407,11.2406
46,4.6439,4.4702,0.3956,0.6244,0.7141,-6.4719,14.4229
47,5.4356,4.3129,0.5268,0.5279,0.8664,-5.4932,10.7851
48,4.1049,4.2454,0.5745,0.529,0.5024,-7.0703,13.4949
49,4.9552,3.8634,0.3711,0.4561,0.9961,-9.7932,10.9559
50,4.5598,4.3345,0.4281,0.6761,0.8704,-8.1447,13.5363
51,4.6679,4.1922,0.4159,0.5037,0.5753,-6.2004,11.6086
52,4.0535,3.8548,0.5748,0.6312,0.5701,-7.0071,14.892000000000001
53,4.5842,3.8882,0.485,0.6722,0.524,-7.8731,14.9095
54,4.4124,4.2052,0.598,0.5177,0.5371,-9.3219,8.2346
55,5.428,4.1742,0.5324,0.6583,0.6513,-8.3948,7.4723
56,4.0067,4.2493,0.444,0.4791,0.6629,-9.7313,14.8423
57,4.7383,3.8489,0.3795,0.4578,0.6345,-6.0382,10.3385
58,4.1854,3.8474,0.3927,0.6475,0.9311,-7.3598,7.1312
59,5.386,4.3707,0.3019,0.6422,0.7724,-6.7723,8.0524
60,4.4846,4.4487,0.5133,0.5844,0.8169,-7.6337,9.4517
61,4.3568,3.8981,0.5954,0.6964,0.8139,-7.9923,9.7595
62,5.3739,4.1412,0.3861,0.6058,0.9767,-8.1114,14.4197
63,4.4451,3.9442,0.3986,0.4815,0.8236,-8.6016,8.9415
64,4.292,3.833,0.3436,0.4251,0.7254,-7.1699,7.5746
65,5.0617,4.0125,0.3309,0.4358,0.6959,-9.0529,13.3927
66,5.449,4.0826,0.3443,0.4074,0.5993,-9.5368,14.022
67,4.3262,4.2393,0.4412,0.6488,0.8438,-7.9603,14.4883
68,4.0775,4.1632,0.3906,0.5268,0.5976,-7.5806,14.0503
69,4.8796,4.1201,0.3274,0.51,0.5062,-9.3813,9.0304
70,4.3658,4.2495,0.3642,0.6878,0.7311,-5.1251,9.0851
71,4.1975,4.4646,0.541,0.3643,0.6459999999999999,-9.6243,8.6707
72,4.7833,4.1459,0.5089,0.6029,0.9592,-7.7811,10.1101
73,4.8839999999999995,4.2802,0.6441,0.4894,0.9966,-6.5841,7.9244
74,4.1797,4.1502,0.4287,0.5023,0.8291,-9.515,13.2855
75,5.2818,3.951,0.6347,0.4648,0.7255,-7.3072,11.9141
76,4.3715,3.8463,0.4727,0.6569,0.8944,-8.6444,12.7447
77,4.6818,4.0055,0.4622,0.3103,0.5164,-8.3167,13.8537
78,5.345,3.8735,0.5539999999999999,0.6375,0.7437,-6.6718,10.0656
79,5.2036,4.0001,0.6515,0.6812,0.9574,-5.2444,13.0317
80,4.7374,3.807,0.3483,0.4273,0.6795,-6.926,7.83
81,4.1055,4.1061,0.3171,0.6719,0.9121,-5.7852,14.9741
82,5.3914,4.3645,0.4057,0.3556,0.9211,-8.9836,9.1378
83,4.5308,4.4522,0.3802,0.5006,0.5743,-7.4753,10.1584
84,4.0012,4.1758,0.6996,0.6911,0.9486,-5.2478,9.2872
85,5.4631,4.4303,0.3996,0.3626,0.8088,-6.7869,5.6014
86,4.1748,4.3077,0.5402,0.5395,0.5922,-8.3108,6.528
87,4.3476,3.8873,0.508,0.6129,0.9896,-9.7579,7.8391
88,4.3297,4.4188,0.4146,0.5915,0.5248,-9.8259,10.3928
89,5.3625,4.0217,0.4813,0.6432,0.7944,-6.276,9.299
90,5.223,4.4409,0.3892,0.3758,0.8407,-8.1722,6.8032
91,4.7745,4.2341,0.4079,0.6524,0.5929,-7.916,9.7287
92,4.3191,3.9901,0.5719,0.3331,0.8647,-8.2344,10.3028
93,4.9907,3.9757,0.5797,0.4354,0.7287,-5.3413,13.9049
94,4.9858,4.0337,0.3196,0.591,0.6583,-7.945,11.6239
95,5.3193,4.062,0.3776,0.4711,0.6209,-7.152,5.9713
96,4.7042,4.3001,0.5272,0.3463,0.7967,-8.937000000000001,7.3974
97,5.4371,3.9896,0.5883,0.3116,0.6205,-8.0447,5.3694
98,4.1451,4.4515,0.5418,0.644,0.9494,-9.3069,10.2328
99,5.2682,4.2675,0.4944,0.4979,0.5482,-5.7532,9.97
100,4.7662,4.2209,0.47600000000000003,0.3207,0.5229,-9.0697,7.6632
101,5.0382,4.41,0.4335,0.4404,0.6491,-5.7388,8.8639
102,5.341,3.8732,0.4212,0.4859,0.6705,-5.0679,9.9099
103,4.4747,4.01,0.5823,0.4742,0.6069,-6.4065,10.292
104,4.3992,4.2528,0.4087,0.5953,0.7961,-6.075,5.2416
105,5.154,4.3899,0.3376,0.4479,0.6173,-6.265,14.1762
106,4.2364,4.2913,0.4324,0.6175,0.8867,-6.3143,13.5649
107,5.2991,3.9534,0.5814,0.5347,0.9664,-8.5009,10.4496
108,4.7705,4.1929,0.5335,0.6459,0.92,-5.7059,8.4255
109,5.4316,4.2759,0.6108,0.3828,0.5102,-6.2347,11.3878
110,5.1663,4.4582,0.528,0.5357,0.81,-6.9004,11.9651
111,4.5094,3.8932,0.5299,0.5688,0.9209,-6.5002,10.7172
112,4.4157,4.0392,0.46,0.3682,0.7533,-7.3001,6.0473
113,4.6365,4.4472,0.4117,0.4612,0.8117,-8.4385,12.0122
114,5.3405,4.0045,0.4385,0.4846,0.6238,-9.3486,13.2395
115,4.7312,4.1865,0.318,0.3089,0.8518,-5.7285,8.2522
116,4.6883,4.0613,0.4029,0.4714,0.5151,-7.4037,6.1225
117,4.0956,4.3248,0.5475,0.635,0.7165,-5.1534,5.8071
118,5.3870000000000005,4.0897,0.3941,0.3989,0.9695,-6.7119,14.5511
119,4.6246,3.9135,0.3592,0.371,0.9343,-6.3551,11.5923
120,4.9486,4.0957,0.3701,0.4121,0.7106,-9.2651,14.398
121,5.1914,4.1018,0.4511,0.6145,0.5509,-8.3752,8.196
122,4.87,3.9028,0.3511,0.4338,0.5842,-5.2215,9.6028
123,5.053999999999999,3.9573,0.6075,0.3354,0.9359999999999999,-9.5472,10.8939
124,4.5703,3.8793,0.69,0.4664,0.6243,-8.78,12.7565
125,4.5234,4.0129,0.5506,0.5115,0.833,-7.7224,14.9312
126,4.9418,4.081,0.6729999999999999,0.3648,0.7671,-9.498,9.4877
127,4.4324,4.3169,0.6685,0.599,0.8132,-9.0933,14.6054
128,4.8861,3.8518,0.5352,0.4493,0.5031,-9.126,11.3762
129,4.8417,4.041,0.5902,0.3193,0.6811,-8.363,13.8044
130,4.564,3.9669,0.6744,0.6946,0.7868,-5.9007,5.3238
131,4.6758,3.9479,0.6055,0.6224,0.9389,-6.3835,14.0882
132,5.4038,3.883,0.6848,0.5794,0.9081,-8.6637,10.7576
133,4.6115,3.8535,0.6158,0.6913,0.72,-6.5197,10.1648
134,4.0183,3.9126,0.534,0.5057,0.7496,-9.142000000000001,10.3468
135,4.5561,4.4234,0.5906,0.4084,0.9166,-5.9341,12.7939
136,5.0176,3.9624,0.4549,0.3259,0.5605,-5.912000000000001,14.2156
137,5.3014,3.8369,0.4916,0.3856,0.5917,-6.4182,11.1562
138,5.0737,4.4354,0.6582,0.6687,0.9978,-8.4511,10.6339
139,4.0252,4.4456,0.6416,0.5606,0.5729,-5.6893,13.3216
140,5.2125,4.3376,0.6667,0.5704,0.5891,-7.0763,13.4883
141,4.7232,3.8389,0.4339,0.6996,0.7779,-5.6818,6.7405
142,4.5451,4.4966,0.3155,0.5473,0.9279,-6.5352,5.8845
143,4.1282,4.1935,0.6332,0.3846,0.8015,-8.4879,11.0758
144,5.0525,4.4765,0.6168,0.5433,0.6482,-5.2355,9.9118
145,4.8973,4.4214,0.6536,0.3724,0.5987,-5.9352,7.997999999999999
146,5.1208,4.4497,0.4736,0.3801,0.5413,-7.1161,6.1432
147,4.5691,4.2033,0.4299,0.3436,0.7461,-5.6583,7.7048
148,5.4728,4.4775,0.5161,0.5495,0.7353,-5.6477,12.9047
149,5.2598,3.9378,0.4784,0.4152,0.5679,-6.8041,5.766
150,4.5735,4.0598,0.3552,0.6188,0.8004,-8.0921,6.7572
151,4.6122,4.3869,0.6391,0.354,0.7618,-7.3134,10.6675
152,4.7904,4.4318,0.546,0.45899999999999996,0.943,-8.1768,7.2726
153,5.4933,4.1678,0.5263,0.5639,0.7213,-6.1427,10.2044
154,4.0696,4.1704,0.5643,0.3787,0.8804,-9.2485,8.4351
155,4.9875,4.1942,0.511,0.4226,0.8876,-7.0277,11.467
156,4.8904,4.3938,0.6625,0.4626,0.9447,-6.8774,14.4466
157,4.768,3.9175,0.5946,0.5468,0.9385,-7.9258,10.5773
158,5.4941,4.1564,0.4243,0.4696,0.7555,-8.3481,7.8635
159,4.7729,4.0685,0.3741,0.6413,0.91,-8.746,8.9628
160,4.9464,4.2837,0.5005,0.5379999999999999,0.536,-5.3147,8.78
161,5.1883,4.36,0.5677,0.3819,0.7089,-8.4402,11.6711
162,5.2249,3.9046,0.5267,0.5741,0.8318,-7.2378,10.4651
163,5.1727,4.2707,0.3427,0.5266,0.5253,-6.8848,14.0106
164,4.0161,4.2304,0.4357,0.6624,0.6317,-5.3875,8.7461
165,5.4853,4.4121,0.5257,0.4718,0.7162,-9.9011,11.2303
166,4.6139,3.9263,0.4731,0.6035,0.8522,-6.0936,7.0364
167,4.655,4.4951,0.5849,0.4547,0.6566,-9.3374,12.2733
168,4.2438,4.3253,0.3157,0.5144,0.6021,-6.0617,13.3195
169,4.6415,3.9522,0.4506,0.3067,0.7305,-8.203,14.5621
170,5.4904,4.4928,0.3879,0.4657,0.9505,-8.1024,13.3629
171,5.3073,4.3806,0.6598,0.3862,0.7971,-7.7927,13.7434
172,4.5005,4.4991,0.4691,0.5366,0.7048,-7.227,12.2829
173,5.3815,4.439,0.4791,0.4144,0.5625,-7.492999999999999,13.9762
174,4.6527,3.8861,0.6698,0.5998,0.7379,-9.5218,14.7373
175,4.4175,4.2745,0.5184,0.5326,0.5552,-5.7235,11.5554
176,4.9181,4.0834,0.5181,0.4429,0.6644,-8.0953,7.3496
177,4.3767,4.3305,0.6631,0.4168,0.7226,-6.8652,9.8575
178,4.8079,3.9786,0.6029,0.5526,0.7033,-9.6151,14.8546
179,4.6238,4.1974,0.4272,0.6848,0.6865,-5.7791,6.0951
180,4.5409,4.2517,0.6423,0.4446,0.9996,-8.8545,11.4314
181,4.1308,4.4072,0.5085,0.5008,0.7503,-6.249,12.865
182,4.6581,3.8413,0.4713,0.5982,0.7124,-5.1369,10.794
183,4.6296,4.2278,0.4423,0.4377,0.5436,-8.1831,7.1034
184,5.0591,3.8608,0.4374,0.6149,0.6843,-9.0592,8.2888
185,4.1291,4.422,0.4183,0.4633,0.785,-6.5874,9.4678
186,5.206,4.1526,0.4198,0.5919,0.8753,-5.1627,5.8396
187,4.4515,4.4433,0.31,0.5582,0.7468,-8.5801,10.0971
188,4.3164,3.9948,0.5124,0.5238,0.862,-7.3836,6.5377
189,5.1347,4.138,0.5156,0.5941,0.8667,-6.78,11.4922
190,5.4917,3.81,0.3223,0.6216,0.9073,-5.2311,11.095999999999998
191,4.5134,4.1812,0.6896,0.4204,0.5445,-6.2507,8.9546
192,5.0772,4.0784,0.5711,0.3303,0.7102,-8.2456,14.5018
193,4.2796,3.8769,0.6506,0.4831,0.5526,-6.6178,10.1318
194,5.1945,4.0069,0.5775,0.4957,0.5771,-5.2596,9.3208
195,5.2196,3.8689,0.6095,0.5076,0.69,-9.7103,8.6566
196,5.3335,4.4206,0.5687,0.4559,0.6435,-7.3795,9.8382
197,4.1533,3.8947,0.3484,0.5199,0.9751,-8.373,6.2699
198,4.8194,4.3267,0.3137,0.311,0.7999,-6.6995,5.2322
199,4.3404,4.4573,0.4052,0.36200000000000004,0.9432,-6.6601,12.8549
200,5.1224,4.3681,0.6559,0.5657,0.8181,-8.8018,8.5068
201,5.2275,3.9908,0.6263,0.5124,0.7155,-9.033,8.1127
202,4.4102,4.0303,0.3892,0.6587,0.8947,-8.7359,14.2728
203,4.5623,4.2233,0.6383,0.35600000000000004,0.5365,-5.5592,14.0657
204,5.2095,4.4194,0.5555,0.3736,0.5803,-7.4821,7.9879
205,5.4211,4.212,0.6425,0.5713,0.9305,-8.4096,6.8168
206,4.5918,4.0421,0.5804,0.5129,0.9763,-9.4843,7.6149
207,4.4535,4.0304,0.6166,0.3694,0.9620000000000001,-7.4618,13.1245
208,5.2803,3.8322,0.6132,0.5155,0.5468,-7.0691,10.5995
209,4.8828,4.2646,0.34700000000000003,0.4454,0.5535,-5.2002,7.2477
210,4.7294,4.2009,0.304,0.3441,0.5655,-9.214,10.7739
211,4.401,3.8131,0.5893,0.4119,0.6353,-6.9615,12.6779
212,5.3225,4.1622,0.4898,0.4099,0.7382,-6.4869,10.1205
213,5.0225,4.2132,0.6385,0.3221,0.9902,-7.7318,10.6827
214,5.1573,4.4808,0.5729,0.6105,0.7113,-5.3452,11.17
215,5.0087,4.3952,0.387,0.6894,0.6721,-7.9061,13.0267
216,5.0934,4.2701,0.6176,0.4175,0.9409,-9.9116,11.5648
217,5.0901,4.3488,0.6315,0.5803,0.6391,-5.6404,5.1554
218,4.1458,4.4378,0.3245,0.5687,0.9451,-8.6661,8.8352
219,4.1828,3.8655,0.4773,0.6618,0.5183,-7.5591,9.6395
220,5.4518,3.958,0.3501,0.3792,0.7218,-8.6076,9.2319
221,4.1917,4.4365,0.506,0.6729999999999999,0.9689,-8.7138,11.62
222,5.2149,4.1919,0.3844,0.5777,0.8637,-6.1206,12.5613
223,5.3666,4.3635,0.5378,0.6356,0.6729999999999999,-6.6327,11.8656
224,5.232,4.0101,0.3358,0.6291,0.7322,-8.9504,12.1652
225,4.6916,4.2892,0.5705,0.6083,0.8149,-8.1285,9.7811
226,5.41,4.0532,0.3568,0.5049,0.8067,-8.2171,9.1
227,4.8246,4.2638,0.6945,0.6807,0.8934,-9.2904,7.2884
228,5.1366,3.9718,0.5645,0.6161,0.5262,-9.8694,14.4969
229,4.2204,4.1373,0.3971,0.4114,0.6499,-7.4524,9.6679
230,4.2704,4.4794,0.6304,0.6381,0.9204,-7.1113,9.3937
231,5.1593,3.9464,0.3203,0.6748,0.8918,-5.7571,10.4095
232,5.0406,4.0914,0.4166,0.6048,0.7411,-9.2362,12.2462
233,4.1613,4.2337,0.3947,0.56,0.6651,-5.2632,10.2513
234,5.252999999999999,4.0378,0.5576,0.6025,0.7993,-7.709,13.8715
235,4.7098,3.9454,0.6208,0.6046,0.9495,-6.8324,9.7755
236,5.0868,3.9325,0.4871,0.5947,0.8656,-9.6876,9.0549
237,4.2771,4.3819,0.4346,0.5351,0.9412,-6.9357,11.4895
238,4.1681,4.3202,0.615,0.5479999999999999,0.7643,-7.6879,8.7191
239,4.3303,4.3701,0.4016,0.4621,0.7748,-5.5329999999999995,8.2991
240,4.0199,4.2406,0.3933,0.3097,0.5269,-7.8243,13.3706
241,4.8814,4.2921,0.4074,0.5849,0.5399,-7.0244,13.8485
242,4.1381,3.8096,0.3999,0.5201,0.8481,-6.6879,5.9419
243,4.776,3.8978,0.5632,0.4952,0.8173,-9.1717,13.7789
244,4.6181,3.903,0.4704,0.57,0.5642,-7.3312,5.9094
245,4.8403,4.0384,0.6466,0.4141,0.8036,-5.6604,7.7655
246,4.6428,4.4542,0.3413,0.6074,0.7765,-9.841000000000001,8.1569
247,5.3352,4.4821,0.3687,0.4628,0.9036,-5.7712,13.23
248,5.1063,4.1365,0.4236,0.6478,0.5057,-7.441,11.8837
249,5.0195,3.8510000000000004,0.5174,0.6003,0.7977,-7.8311,14.7999
250,5.0159,4.0778,0.5807,0.5471,0.5588,-8.3444,11.2191
251,4.1814,4.4152,0.6139,0.6741,0.9994,-6.1962,13.9261
252,4.5022,3.8382,0.306,0.3888,0.7589,-5.2748,14.7113
253,4.2053,4.0988,0.3577,0.5053,0.7298,-5.0195,6.4818
254,4.9394,4.1546,0.5995,0.3248,0.8532,-5.1968,14.1394
255,4.4085,3.9937,0.645,0.4816,0.9636,-8.3363,8.2419
256,4.8122,4.3393,0.6397,0.4954,0.9716,-8.1973,7.1822
257,4.4787,4.4747,0.6224,0.5565,0.7406,-5.1914,6.3975
258,5.465,4.3541,0.3618,0.4572,0.7206,-8.2114,14.9479
259,4.1482,3.8137,0.426,0.6342,0.6778,-9.3751,9.1666
260,4.4782,3.9301,0.3373,0.5443,0.9353,-9.1521,12.0375
261,4.333,4.3769,0.3626,0.5259,0.6735,-6.4606,8.5195
262,4.2509,3.9562,0.3025,0.545,0.6693,-7.8663,7.4175
263,4.6098,4.0676,0.3211,0.3852,0.835,-9.404,8.1359
264,4.0736,3.8577,0.3621,0.4785,0.772,-6.131,10.1732
265,4.0045,3.8526,0.5770000000000001,0.5035,0.9466,-5.7968,10.9851
266,4.0324,3.9515,0.5051,0.3199,0.5838,-6.0104,8.8053
267,5.187,4.2726,0.3269,0.5769,0.7078,-7.7605,6.6602
268,4.3237,3.9754,0.3666,0.3048,0.6815,-8.1543,13.5494
269,4.6951,4.025,0.6827,0.5629,0.9814,-5.1857,11.6384
270,4.9163,4.4788,0.5301,0.5151,0.7758,-7.9393,10.8237
271,4.4828,3.8065,0.6196,0.424,0.6166,-6.6498,7.5833
272,4.0215,4.4777,0.4664,0.4655,0.8507,-7.8518,12.3923
273,4.8232,4.4596,0.6928,0.4032,0.6235,-5.0882,9.4911
274,5.1179,3.9236,0.6764,0.6927,0.8888,-7.5923,6.3088
275,4.7410000000000005,4.1555,0.4328,0.6596,0.6141,-9.0962,13.8619
276,4.4833,4.3028,0.4987,0.6378,0.5688,-7.4489,12.0522
277,4.8888,4.4061,0.5864,0.4002,0.9525,-6.9239,12.6667
278,5.0957,4.1573,0.4739,0.5902,0.7916,-5.8059,8.0481
279,4.7124,3.9802,0.4521,0.5018,0.6371,-9.4632,14.2347
280,4.0807,4.1177,0.635,0.5744,0.9684,-6.945,12.876
281,4.8002,4.02,0.3149,0.6526,0.8711,-5.0091,9.1423
282,5.4229,3.8553,0.649,0.4915,0.9316,-8.914,8.7715
283,4.2883,3.8413,0.4757,0.5776,0.6177,-6.0025,14.8394
284,4.3047,4.4093,0.5971,0.3768,0.8826,-5.8893,7.0172
285,5.1412,4.2428,0.596,0.3233,0.7572,-8.4135,7.5619
286,4.763999999999999,4.4606,0.5544,0.3536,0.8843,-6.099,11.2227
287,5.0283,3.8680000000000003,0.6872,0.6009,0.7426,-7.0839,7.6007
288,4.9009,4.3054,0.6024,0.3629,0.6988,-9.6444,13.5733
289,4.747,4.2353,0.4744,0.5577,0.9149,-5.7043,9.5029
290,5.1931,4.0191,0.4648,0.695,0.9511,-7.204,12.9161
291,4.8968,4.1722,0.6064,0.5724,0.7661,-8.4676,12.9837
292,5.4091,4.1773,0.3721,0.6115,0.5962,-5.8396,11.8948
293,4.4545,3.8341,0.5637,0.5837,0.7895,-7.0035,10.0507
294,4.3359,3.9493,0.3716,0.6015,0.5648,-7.7047,12.3148
295,5.456,4.4343,0.6671,0.6544,0.7198,-8.8566,7.42
296,4.9655,4.1108,0.5712,0.5315,0.6289,-6.0174,13.1928
297,5.2341,4.0232,0.6931,0.3913,0.7357,-6.1904,13.205
298,4.4568,4.0595,0.5461,0.6695,0.858,-5.1723,8.4404
299,4.0127,4.2982,0.3255,0.324,0.9435,-8.9166,10.4157
300,4.6492,3.9707,0.5985,0.5879,0.8152,-6.2672,12.7319
301,4.3092,4.4028,0.3782,0.5145,0.7655,-9.8488,12.6268
302,4.6692,4.2309,0.609,0.5964,0.6668,-9.4199,11.4712
303,4.1593,3.9195,0.665,0.5407,0.5347,-9.5534,12.9202
304,4.7261,4.1351,0.5656,0.4448,0.7327,-7.6112,7.4963
305,4.3903,3.937,0.6115,0.4941,0.5597,-7.7274,6.3799
306,5.4442,4.0627,0.5145,0.3851,0.562,-6.7415,9.5529
307,4.3572,4.0181,0.4149,0.3754,0.7909,-6.4408,5.0075
308,4.5579,3.8763,0.4342,0.4211,0.826,-7.7657,12.0703
309,4.8375,4.2377,0.4248,0.5675,0.5393,-9.4855,9.2467
310,5.1245,4.1748,0.5968,0.6321,0.7796,-5.428999999999999,8.359
311,5.1123,4.1283,0.4554,0.4085,0.8853,-6.0269,6.9863
312,4.7859,3.9646,0.3009,0.4198,0.6297,-8.7064,14.3683
313,5.4839,4.3372,0.4223,0.3675,0.9154,-8.7624,6.7008
314,4.7909,4.3549,0.589,0.4944,0.6045,-8.4336,7.7949
315,4.333,3.9878,0.6959,0.602,0.8123,-7.3269,9.3806
316,4.5761,4.148,0.5052,0.5209,0.8564,-6.7179,12.7632
317,4.8535,3.8087,0.5908,0.5403,0.9668,-8.3272,8.0965
318,4.0567,4.3485,0.3336,0.5329,0.8515,-9.8393,14.7454
319,4.9844,3.9317,0.4034,0.3177,0.8343,-5.3536,12.3445
320,5.2267,3.8704,0.4966,0.4982,0.7834,-7.8982,12.4737
321,4.5853,4.165,0.6059,0.3294,0.5141,-6.7501,14.6811
322,5.3783,4.2615,0.6365,0.3984,0.5054,-8.8688,9.5313
323,4.228,4.4309,0.5465,0.4994,0.8025,-6.3751,5.6979999999999995
324,4.268,4.4228,0.6866,0.45,0.7742,-6.3178,9.1519
325,4.7989999999999995,4.2463,0.498,0.3365,0.5077,-5.8691,7.5332
326,4.2185,3.9943,0.3365,0.3079,0.5949,-5.9425,10.8068
327,4.3669,3.9987,0.5063,0.5389,0.6222,-9.0114,7.7109
328,5.2516,3.861,0.465,0.3095,0.6794,-5.4522,13.1786
329,5.1092,3.89,0.4542,0.596,0.9985,-8.2421,11.4589
330,5.2631,3.9357,0.4685,0.3418,0.7338,-5.4086,9.9676
331,4.8935,4.2984,0.6949,0.5428,0.7472,-7.0894,14.2852
332,4.706,4.0932,0.5034,0.6269,0.9248,-8.3071,14.126
333,5.2112,4.1817,0.3573,0.3317,0.5956,-9.1931,11.2906
334,4.0941,3.8119,0.4234,0.6811,0.6763,-6.2907,11.787
335,4.9668,4.0746,0.3407,0.45799999999999996,0.9985,-6.5791,8.0364
336,4.4387,3.9929,0.4697,0.5904,0.7099,-6.082000000000001,7.3666
337,4.8541,4.4666,0.4989,0.633,0.5135,-9.6761,12.8933
338,4.8475,4.2589,0.569,0.3966,0.9523,-5.9937,11.3534
339,4.1194,4.3017,0.5254,0.4918,0.529,-5.5524,10.1065
340,5.0114,4.019,0.3056,0.659,0.7932,-9.5677,12.1273
341,4.6006,4.4888,0.3206,0.6366,0.7421,-7.3948,5.9888
342,4.7492,3.8453,0.3672,0.6989,0.9884,-9.9765,8.6141
343,4.4128,3.9614,0.3043,0.5001,0.6621,-5.854,14.0419
344,4.0448,4.4292,0.4569,0.4463,0.9281,-9.857999999999999,13.7327
345,4.2159,4.4009,0.6648,0.5558,0.7666,-8.4953,9.3311
346,4.2852,4.188,0.5387,0.6481,0.5733,-6.5212,7.438
347,4.0086,4.2962,0.5357,0.4855,0.8544,-8.5423,9.0176
348,5.2467,4.34,0.3834,0.6135,0.6266,-7.0195,11.0063
349,5.3507,4.1488,0.5778,0.5261,0.7928,-6.8133,8.2252
350,4.8578,4.1337,0.669,0.457,0.73,-5.9059,8.8913
351,4.9835,4.2568,0.5152,0.3959,0.7494,-7.564,13.0728
352,4.1551,3.8248,0.4563,0.5186,0.7677,-6.8975,14.8113
353,4.4632,3.9275,0.685,0.40700000000000003,0.8981,-8.8744,8.3025
354,4.5243,4.2261,0.4154,0.3523,0.9713,-7.4099,5.6711
355,4.3725,4.3158,0.4432,0.6562,0.5776,-8.8113,6.9367
356,5.2865,3.8857,0.5601,0.3549,0.7129,-6.795,14.610999999999999
357,4.09,4.1885,0.5879,0.4677,0.7863,-8.8182,14.9608
358,5.1653,4.1001,0.6232,0.5951,0.7507,-7.3959,6.7620000000000005
359,5.1152,4.1803,0.3913,0.3132,0.6363,-6.9189,12.5945
360,4.65,3.9419,0.6246,0.6818,0.5294,-5.3777,5.4281
361,4.9123,4.3993,0.4878,0.3388,0.9191,-6.0324,14.7279
362,4.5993,4.2716,0.5337,0.6363,0.6967,-6.4126,5.447
363,4.8188,4.3446,0.6408,0.3774,0.8589,-5.7847,11.2501
364,4.7679,4.2688,0.6494,0.3494,0.8526,-7.5478,12.0689
365,4.5868,3.8586,0.5481,0.6628,0.9069,-5.2819,14.5156
366,5.1618,4.4036,0.3936,0.4864,0.7139,-7.1093,11.3286
367,4.832,3.8012,0.4426,0.4749,0.8199,-7.2171,7.4616
368,5.1956,4.3411,0.515,0.3123,0.6329,-7.6833,6.6107
369,5.2014,4.2269,0.5896,0.5067,0.7261,-5.3044,11.7902
370,4.9196,4.2158,0.4217,0.4433,0.9258,-7.8146,8.5573
371,4.9017,4.1585,0.4048,0.684,0.8385,-7.0629,9.0725
372,4.9501,3.9085,0.552,0.5164,0.6541,-5.0701,14.4098
373,4.1402,3.8015,0.3398,0.63,0.531,-8.9677,14.5362
374,4.2603,4.2786,0.3693,0.4362,0.9261,-5.0316,6.9943
375,4.7401,3.8806,0.4665,0.5726,0.5557,-7.7523,11.8331
376,4.8633,3.9916,0.6683,0.6987,0.8614,-5.4836,5.6894
377,4.628,4.1558,0.5083,0.4334,0.7246,-6.1712,8.6449
378,5.4117,4.0875,0.3046,0.5587,0.95,-9.0717,9.3635
379,4.7322,4.2168,0.5828,0.5815,0.6894,-7.5958,8.3929
380,4.8702,4.3588,0.6046,0.5866,0.9556,-5.3657,9.8485
381,4.4584,4.0549,0.5557,0.4248,0.9924,-9.9827,11.0212
382,4.3954,4.4976,0.33299999999999996,0.5416,0.6339,-7.2633,7.4515
383,5.2629,4.287,0.5612,0.6933,0.9673,-6.2071,12.7798
384,5.167999999999999,4.2449,0.3297,0.3086,0.632,-9.1878,7.3391
385,5.4295,4.115,0.5021,0.41600000000000004,0.6137,-7.1438,12.4222
386,5.3092,4.1471,0.3233,0.5973,0.8569,-8.0362,13.9646
387,4.6301,4.2923,0.4546,0.6625,0.9234,-6.8357,6.3695
388,5.2457,4.0353,0.5619,0.5299,0.8187,-5.2161,13.2155
389,4.3506,4.073,0.3091,0.5424,0.5409,-8.3857,10.5392
390,5.4406,4.3194,0.6792,0.4755,0.8629,-5.9705,8.4547
391,5.3161,4.1311,0.5127,0.6305,0.7882,-8.7599,12.8383
392,5.337000000000001,3.8813,0.3812,0.3736,0.8644,-9.4477,11.3681
393,5.1131,4.0982,0.6001,0.4601,0.6925,-8.5886,14.8099
394,5.1626,4.026,0.5104,0.3059,0.6273,-5.6315,8.8789
395,4.5072,3.9784,0.4656,0.48700000000000004,0.8554,-8.4642,8.9859
396,5.3137,4.1493,0.4096,0.4284,0.8834,-7.2926,13.5053
397,5.4136,4.145,0.5872,0.4549,0.9954,-9.2525,8.8407
398,4.066,4.3152,0.3823,0.3887,0.8245,-6.8057,8.9342
399,4.1994,4.2332,0.4941,0.4902,0.6409999999999999,-8.7743,11.3073
400,5.2186,4.2155,0.5294,0.5804,0.6331,-9.5643,12.177
401,4.8363,4.2506,0.5933,0.3401,0.9396,-5.4249,13.8383
402,4.2319,4.3758,0.6259,0.353,0.6447,-9.3104,14.3093
403,5.1793,4.2862,0.5233,0.6089,0.9251,-8.8487,11.5131
404,4.3541,3.8628,0.4996,0.5437,0.9101,-7.4868,12.1119
405,4.9964,4.4442,0.3766,0.4012,0.6972,-9.1372,10.5482
406,4.2333,4.428,0.4884,0.301,0.6664,-7.9723,7.1253
407,5.1318,4.1342,0.4015,0.6973,0.5112,-5.4023,6.3459
408,5.2854,4.4798,0.4833,0.4523,0.8313,-8.07,6.058
409,4.2391,4.2113,0.3261,0.5073,0.6382,-9.3042,8.1202
410,5.0665,3.8663,0.4025,0.6405,0.9909,-6.9347,6.1514
411,5.235,4.4392,0.4935,0.3895,0.6095,-8.5266,11.8509
412,4.7468,4.0219,0.3116,0.35,0.9009,-9.3649,14.8841
413,4.3849,3.8712,0.5166,0.4505,0.8652,-6.3504,11.7001
414,4.6901,3.907,0.4134,0.6509999999999999,0.674,-5.2286,13.5876
415,5.2391,4.183,0.6786,0.3307,0.5877,-5.511,9.3105
416,4.9049,4.4688,0.6083,0.6194,0.6564,-9.8724,14.6659
417,4.6511,4.3437,0.4526,0.3877,0.6074,-6.5704,10.0461
418,4.5185,4.0846,0.3922,0.6703,0.7070000000000001,-7.0479,11.0451
419,4.176,4.2514,0.6396,0.4823,0.7647,-7.9787,7.8947
420,4.7026,4.2003,0.37200000000000005,0.5929,0.7888,-8.9031,9.4336
421,5.4168,4.1117,0.6341,0.5251,0.9788,-7.9556,12.4452
422,5.3056,4.3934,0.4659,0.4391,0.5820000000000001,-6.694,12.3608
423,5.3334,4.2276,0.3127,0.3882,0.7241,-8.5227,13.725
424,4.4675,3.9921,0.5428,0.3922,0.7117,-8.7886,10.0275
425,5.0211,4.0286,0.4004,0.3864,0.6944,-9.3318,13.0812
426,4.3488,3.8644,0.6952,0.65,0.6444,-9.7032,12.6526
427,4.667,4.0851,0.3368,0.6204,0.6037,-9.477,5.5237
428,4.1567,4.4177,0.4131,0.4927,0.7367,-6.3356,11.5885
429,4.9615,4.2844,0.5961,0.35600000000000004,0.5073,-9.6515,12.82
430,5.0706,4.2094,0.5204,0.5229,0.7345,-7.8842,14.8644
431,4.38,3.8173,0.4612,0.3182,0.5492,-5.3962,13.6669
432,4.5674,4.4908,0.4498,0.53,0.6435,-9.3583,13.796
433,4.2578,3.9182,0.4008,0.6109,0.9053,-7.1246,7.9487
434,4.3919,3.9088,0.3592,0.6281,0.6521,-5.0046,14.0979
435,4.5028,3.9626,0.35600000000000004,0.4045,0.8847,-9.5273,11.2782
436,4.2481,3.9725,0.5426,0.6859,0.9916,-8.5501,7.912999999999999
437,4.9266,4.3536,0.5209,0.4027,0.6162,-7.6932,8.084
438,4.1,4.1773,0.3526,0.5611,0.9086,-6.7659,11.0696
439,4.3836,3.9393,0.4591,0.3452,0.5666,-9.9634,9.9404
440,4.2739,4.0042,0.6559999999999999,0.6984,0.7946,-8.3023,9.7443
441,5.2559,3.9225,0.3979,0.5765,0.8361,-9.2803,8.5496
442,4.3531,4.1726,0.3898,0.5574,0.6899,-7.989,5.8567
443,5.4539,4.1839,0.6876,0.5967,0.8901,-9.4665,8.1427
444,5.0503,4.1828,0.696,0.6803,0.9879,-9.9247,8.8551
445,4.5336,4.4025,0.3391,0.6791,0.9894,-5.6168,5.7922
446,5.0639,4.4641,0.3454,0.5044,0.532,-6.7481,5.5826
447,4.1487,4.0359,0.3435,0.5763,0.8142,-8.6599,10.0865
448,5.0825,4.2246,0.486,0.5872,0.5613,-5.5043,5.1837
449,4.828,4.1614,0.6783,0.6469,0.6759,-9.9055,11.4066
450,5.0427,3.9817,0.5097,0.6568,0.5329999999999999,-5.1562,8.8807
451,5.2434,4.0966,0.5761,0.3714,0.927,-5.2692,9.5437
452,4.908,4.2737,0.6531,0.3458,0.9186,-8.8777,14.3896
453,4.1949,4.335,0.6679,0.5104,0.8939,-5.8714,9.6718
454,5.3522,4.2388,0.5368,0.3898,0.7699,-8.3823,12.046
455,4.9166,3.8853,0.4905,0.4077,0.6458,-7.7466,5.9661
456,4.1321,4.1853,0.5808,0.4779,0.6845,-6.7577,8.6991
457,5.4523,3.8045,0.5031,0.4302,0.9931,-7.9679,6.9782
458,4.2963,3.9989999999999997,0.6924,0.6918,0.5039,-6.2727,10.605
459,4.8676,3.8034,0.5143,0.4476,0.9164,-9.8213,12.4932
460,4.5108,4.0889,0.6755,0.3022,0.6746,-6.9969,13.6092
461,5.2783,4.4359,0.6742,0.6294,0.9441,-6.6699,6.3598
462,5.0305,4.4438,0.5397,0.3594,0.7064,-8.6929,8.1676
463,4.6603,3.805,0.4515,0.381,0.8798,-6.0518,9.7159
464,4.4411,4.279,0.6154,0.5157,0.8412,-8.5097,14.1014
465,5.2154,4.0206,0.6255,0.3264,0.8202,-9.7172,8.6875
466,4.5216,4.1792,0.5665,0.5305,0.5178,-8.4777,12.3352
467,5.3951,4.2535,0.3341,0.4923,0.9562,-8.2363,10.8833
468,4.0093,4.1442,0.5455,0.6605,0.5806,-5.9277,5.3331
469,5.1291,3.9739999999999998,0.4419,0.3347,0.8884,-8.4569,8.3216
470,4.9536,4.1213,0.3544,0.4425,0.6248,-6.3249,14.1177
471,4.2927,4.2872,0.6119,0.636,0.7611,-5.7439,10.2699
472,4.0234,4.1846,0.6011,0.6403,0.5403,-5.6505,8.8119
473,4.9367,4.2217,0.3551,0.6658,0.6019,-6.3015,14.3133
474,4.9589,4.3141,0.3216,0.5447,0.5951,-7.3354,5.3111
475,4.2411,4.496,0.6643,0.3812,0.8498,-8.5484,11.1379
476,5.3596,4.3086,0.3461,0.625,0.8369,-6.8475,11.6631
477,5.3701,4.4238,0.4296,0.3394,0.9801,-6.3429,11.1837
478,4.872,3.8147,0.4105,0.6678,0.6645,-5.5062,5.4618
479,4.7282,4.0081,0.6377,0.4868,0.7951,-5.8476,5.7833
480,4.5938,4.4402,0.3517,0.6507,0.6034,-5.2916,10.7343
481,5.0457,4.1956,0.3967,0.5321,0.7283,-9.6688,14.4701
482,4.0579,4.2183,0.4492,0.68,0.7334,-6.943,14.0389
483,5.2673,4.4913,0.5562,0.43200000000000005,0.6636,-8.022,12.2347
484,5.0559,4.2071,0.4608,0.6426,0.8289,-7.6274,12.5524
485,5.4259,4.3464,0.6568,0.3271,0.5156,-9.8647,8.0269
486,4.6724,3.8352,0.5599,0.6004,0.8761,-6.8559,6.2353
487,4.9147,4.4163,0.5169,0.3479,0.669,-8.4932,13.1579
488,4.0459,4.3555,0.4632,0.4773,0.7576,-6.2376,13.8968
489,5.1491,4.3638,0.5924,0.5612,0.5514,-5.474,14.4649
490,5.1562,3.8941,0.4616,0.5521,0.7791,-5.1798,13.8264
491,5.2736,3.9644,0.611,0.5677,0.8459,-8.9795,12.1955
492,4.1515,4.3387,0.4094,0.4193,0.7514,-8.9453,9.1278
493,5.2761,3.9389,0.6069,0.5381,0.6125,-7.3504,11.3143
494,5.4746,4.3222,0.3746,0.3685,0.8734,-9.4222,10.4511
495,5.3151,3.9162,0.3258,0.562,0.5096,-6.4386,12.3873
496,4.9273,4.3836,0.5067,0.5253,0.878,-8.1697,14.3324
497,4.7149,4.0909,0.4825,0.37799999999999995,0.7979999999999999,-6.7079,14.2972
498,4.9641,3.8296,0.3166,0.6852,0.897,-6.4323,12.0082
499,5.4016,4.2062,0.501,0.6516,0.9791,-7.5259,14.6454
500,5.1774,4.3263,0.584,0.5924,0.5714,-6.8870000000000005,5.6464
501,4.8208,4.448,0.4274,0.677,0.8209,-5.5444,6.3313
502,5.4576,4.0153,0.6121,0.5704,0.6867,-5.4646,13.8887
503,5.181,3.8569999999999998,0.6857,0.5862,0.7705,-5.9526,14.1954
504,4.0754,4.0281,0.6145,0.6601,0.6881,-9.3534,14.7716
505,4.4763,4.0568,0.4953,0.4233,0.8675,-8.0535,12.713
506,4.5266,3.9593,0.302,0.3945,0.8893,-5.9556,8.7312
507,4.2659,4.3068,0.3031,0.3256,0.9675,-8.0145,8.6393
508,5.2655,4.0455,0.4092,0.4795,0.9886,-8.9995,14.2236
509,5.0327,3.9217,0.3224,0.6259,0.6594,-9.7987,13.0642
510,4.5262,3.9832,0.4983,0.4404,0.8728,-6.1455,14.9261
511,4.1706,4.391,0.6458,0.6832,0.7988,-5.7118,5.513
512,4.1998,3.8286,0.4811,0.6513,0.8779,-9.7887,13.65
513,4.3617,4.2724,0.4493,0.4257,0.5123,-8.5347,10.382
514,5.0038,3.9555,0.6101,0.6888,0.8272,-8.1493,9.8827
515,4.9428,4.4323,0.6181,0.3374,0.5998,-8.429,10.198
516,4.6158,3.9658,0.6637,0.6212,0.6101,-7.1302,8.5911
517,4.5823,4.3660000000000005,0.5783,0.5541,0.5782,-8.2748,8.7589
518,5.0424,4.4694,0.483,0.4255,0.9297,-8.2879,14.9952
519,4.4214,4.3982,0.385,0.5458,0.6579,-9.5585,12.6457
520,5.2729,3.9883,0.5237,0.315,0.7040000000000001,-5.3229999999999995,11.75
521,4.0475,4.114,0.652,0.5492,0.7706,-7.8052,11.9314
522,4.9803,4.4945,0.4956,0.3481,0.8472,-9.2778,12.4095
523,5.4994,3.9351,0.3531,0.5133,0.991,-8.2982,11.692
524,5.2295,3.9963,0.6503,0.3165,0.7789,-8.1886,9.1904
525,5.0811,3.9306,0.5943,0.4502,0.8022,-9.9435,12.942
526,5.2172,4.0496,0.4712,0.3518,0.6528,-8.9074,6.8848
527,4.4254,4.4169,0.43200000000000005,0.5376,0.9287,-8.208,12.5007
528,5.3943,3.8312,0.3819,0.4807,0.688,-8.7912,11.0158
529,4.2245,4.4836,0.4382,0.4188,0.8388,-6.8533,7.9625
530,4.6588,3.968,0.3188,0.3053,0.6417,-9.0395,13.7001
531,4.4732,4.3215,0.4952,0.3142,0.5549,-5.9772,9.0043
532,4.9298,4.1909,0.3112,0.5555,0.611,-9.4401,8.0716
533,5.2223,4.3584,0.6406,0.3707,0.8871,-9.9495,12.7262
534,4.2095,4.195,0.5285,0.6126,0.8379,-7.9403,13.2776
535,5.292000000000001,4.1038,0.4164,0.39299999999999996,0.5577,-6.6231,13.9346
536,4.6863,4.332,0.4415,0.5934,0.946,-9.0028,11.8129
537,4.6645,4.3977,0.4406,0.405,0.8051,-8.4486,9.1808
538,4.2275,3.8679,0.5042,0.5821,0.5718,-7.6003,12.681
539,5.2052,4.2964,0.368,0.3328,0.7842,-8.6836,6.9639
540,4.6967,4.024,0.3963,0.4342,0.784,-6.9904,8.7077
541,4.925,4.3877,0.3661,0.3656,0.6189,-9.0802,10.2283
542,4.7184,4.4855,0.3445,0.5311,0.5909,-7.1558,13.0553
543,5.4616,4.2992,0.6085,0.5858,0.8898,-8.635,9.4144
544,4.0985,4.2423,0.3796,0.4176,0.5344,-5.3363,12.4139
545,4.7138,4.374,0.5512,0.6906,0.9182,-7.0961,11.9731
546,5.2601,4.3177,0.5699,0.3274,0.5007,-6.1393,11.8724
547,5.4326,4.0521,0.3339,0.6055,0.9927,-8.3536,10.1876
548,4.4495,4.3514,0.5443,0.6574,0.7805,-6.6269,7.5148
549,4.1921,3.9775,0.5128,0.4467,0.5457,-6.7203,10.9242
550,4.5115,4.1787,0.5489999999999999,0.4093,0.7361,-9.8885,10.370999999999999
551,4.2782,4.4338,0.6286,0.6177,0.737,-5.814,5.1357
552,4.9693,4.1304,0.3679,0.5509,0.7019,-7.5201,6.1609
553,5.4792,4.381,0.3279,0.5548,0.8616,-7.7969,8.4138
554,5.0711,4.3525,0.3521,0.3385,0.6194,-9.1147,8.9017
555,4.0351,4.1531,0.6636,0.6434,0.7272,-9.4335,7.7542
556,4.6047,4.3765,0.6215,0.3826,0.7766,-6.6018,6.1003
557,4.1225,4.1303,0.4606,0.4528,0.8989,-9.2429,7.54
558,4.1066,3.8542,0.5484,0.3426,0.8769,-7.9533,14.2045
559,4.8348,3.8123,0.3655,0.5939,0.5932,-6.103,8.7962
560,4.9753,4.3458,0.4365,0.3659,0.588,-6.8420000000000005,6.8927
561,5.1422,4.1077,0.4629,0.3061,0.5167,-7.8579,10.5577
562,5.3211,4.3428,0.3876,0.3209,0.7636,-7.7396,9.6177
563,4.7961,4.2612,0.5309,0.6995,0.6678,-7.8288,13.997
564,4.0835,4.3925,0.595,0.3113,0.728,-5.5621,13.2469
565,4.6737,3.9361,0.5347,0.3603,0.8015,-7.0135,11.5729
566,4.1367,4.1324,0.6614,0.3453,0.7691,-6.9112,10.3153
567,4.1648,4.1404,0.5197,0.6779999999999999,0.7294,-5.4992,6.5645
568,4.4978,4.237,0.4602,0.5755,0.9633,-6.2208,10.8442
569,5.2988,4.4615,0.4448,0.6753,0.6471,-9.7462,9.2153
570,4.0508,4.4081,0.5373,0.3666,0.7537,-9.1099,11.6494
571,5.3645,4.4589,0.308,0.6277,0.5442,-6.2581,8.6237
572,5.4744,3.9457,0.3074,0.564,0.6085,-5.0485,7.5059
573,5.3555,4.2551,0.429,0.614,0.6005,-9.7751,7.7335
574,4.2634,4.0428,0.4779,0.537,0.5092,-5.8446,12.1891
575,4.864,3.9769,0.4875,0.4009,0.9652,-7.0529,10.6583
576,5.496,4.0643,0.4837,0.5045,0.8215,-5.1043,6.2275
577,4.4188,4.0166,0.5243,0.6652,0.7172,-6.4797,11.948
578,4.3447,4.4863,0.3033,0.6118,0.6263,-7.1866,10.9039
579,4.9682,3.9038,0.3768,0.5647,0.6774,-7.4185,10.2856
580,4.4275,4.1182,0.6212,0.4107,0.5425,-8.65,14.3295
581,5.4239,3.9547,0.5535,0.5353,0.5699,-7.0947,7.659
582,4.8293,4.4453,0.47700000000000004,0.6186,0.563,-7.3247,8.3851
583,4.5795,4.3893,0.3383,0.6979,0.9941,-9.2301,9.3508
584,4.2816,3.8905,0.406,0.4351,0.7267,-6.1518,12.2173
585,4.3642,4.0941,0.3608,0.5785,0.5212,-8.6452,7.2031
586,5.0136,4.0579,0.5845,0.4281,0.7523,-9.042,9.9228
587,5.0143,4.2667,0.3883,0.6967,0.8335,-9.693999999999999,8.3176
588,5.2906,3.9684,0.6464,0.6663,0.9079,-7.9103,10.864
589,4.369,4.383,0.4473,0.3701,0.7529,-6.9554,5.3061
590,4.9074,4.2434,0.3451,0.62,0.8994,-6.3686,7.5961
591,4.8502,4.2772,0.6776,0.6736,0.5338,-7.6357,14.2504
592,4.4071,3.9188,0.41,0.6528,0.8427,-6.4501,12.8852
593,4.3607,4.124,0.5368,0.3429,0.9223,-9.2898,11.9954
594,4.9313,4.2837,0.3676,0.5572,0.7625,-5.5661,10.7426
595,4.7551,4.0667,0.6704,0.6494,0.5770000000000001,-8.5994,11.3473
596,5.3395,4.487,0.6133,0.3805,0.8505,-9.3736,14.1627
597,5.0756,4.2028,0.4476,0.6727,0.5278,-8.4012,12.1324
598,5.1462,4.3273,0.3756,0.6337,0.6014,-7.6955,6.9143
599,5.1074,4.2827,0.3692,0.4411,0.8696,-9.6346,9.2762
600,4.029,3.8219,0.3885,0.6104,0.7487,-6.18,11.2862
601,4.3856,4.2679,0.3778,0.3172,0.5126,-7.5416,13.1809
602,5.0024,4.1457,0.6816,0.4726,0.5863,-5.7161,12.588
603,4.4402,3.8111,0.3162,0.6395,0.9646,-8.4151,14.1848
604,4.0339,3.8191,0.5251,0.6856,0.6452,-5.8343,13.6264
605,5.1052,3.9413,0.5494,0.4827,0.5903,-9.4559,12.3742
606,4.999,3.9244,0.5989,0.5235,0.6997,-7.3742,11.9026
607,4.9473,4.1738,0.4482,0.3927,0.9821,-6.6367,14.6575
608,5.0483,4.169,0.5071,0.3175,0.8709,-5.0584,9.474
609,4.8155,4.3961,0.4457,0.6643,0.8824,-8.7764,10.4724
610,4.0258,3.9854,0.5566,0.5809,0.5867,-5.6767,13.1182
611,5.4607,3.8364,0.5137,0.4697,0.6154,-6.6075,7.0288
612,5.4459,4.3852,0.5026,0.442,0.5388,-8.1901,9.8661
613,4.1025,3.9312,0.5229,0.4381,0.9049,-7.5082,7.6727
614,4.5881,4.2203,0.5532,0.6653,0.9705,-9.4706,13.418
615,4.4469,4.2313,0.6219,0.3623,0.9829,-7.8036,7.8409
616,4.6841,4.3849,0.4317,0.4103,0.6429,-9.4906,14.0763
617,5.1372,4.2411,0.4002,0.4055,0.6509,-6.9754,10.8556
618,5.1745,4.4921,0.6433,0.6016,0.9059999999999999,-8.032,12.5426
619,4.1128,4.4279,0.3975,0.5695,0.8677,-8.8888,9.4455
620,5.2967,3.8428,0.379,0.5681,0.7711,-7.4725,7.4012
621,4.6977,4.3481,0.3142,0.6501,0.8808,-7.7747,11.5298
622,4.9772,3.9202,0.4179,0.3276,0.6553,-7.367999999999999,5.8904
623,4.0728,3.927,0.3344,0.5284,0.9028,-8.1162,7.5507
624,5.1295,4.3107,0.4362,0.6577,0.5561,-5.4429,11.7195
625,5.1992,3.8966,0.6897,0.3336,0.6806,-9.3922,14.3599
626,5.3904,4.3236,0.6276,0.4384,0.5243,-9.9597,13.5116
627,4.6806,4.426,0.3072,0.3485,0.7035,-5.4769,7.3164
628,4.4347,4.3839,0.6141,0.3639,0.6729999999999999,-9.5808,14.5755
629,5.182,3.8824,0.4847,0.5421,0.8463,-9.8068,8.6051
630,4.5719,4.4943,0.5188,0.556,0.9217,-6.2874,10.33
631,4.833,3.8149,0.3706,0.6071,0.6963,-9.0752,12.2208
632,5.3022,4.3092,0.3361,0.3871,0.6937,-5.9607,13.6581
633,5.43,4.2696,0.4693,0.3821,0.748,-7.0302,14.8263
634,4.3456,4.3112,0.5451,0.6609,0.9141,-6.55,9.3458
635,5.3472,3.8211,0.3725,0.4364,0.7936,-7.2883,12.6127
636,5.0069,4.001,0.6836,0.3996,0.8775,-9.4538,9.2544
637,4.8777,4.4414,0.3059,0.4835,0.5858,-8.7348,13.7682
638,4.9614,4.4535,0.4259,0.4038,0.6608,-5.4858,9.5221
639,4.2018,3.9527,0.4254,0.6773,0.7231,-6.2159,11.3942
640,4.0605,4.0995,0.5389,0.4508,0.68,-8.7986,12.2034
641,4.2848,4.4295,0.4669,0.5397,0.5379,-6.0795,8.3607
642,4.6993,3.8746,0.3097,0.4763,0.6278,-6.1602,6.2992
643,5.0747,4.3562,0.6995,0.63,0.84,-8.3665,11.2628
644,4.4809,4.2557,0.5862,0.4132,0.6314,-8.3575,8.4864
645,4.3407,4.2075,0.6163,0.5756,0.6026,-5.013,10.978
646,4.4963,4.2123,0.5794,0.429,0.8391,-7.8154,13.4561
647,5.4763,4.006,0.4211,0.5621,0.9293,-5.8011,6.685
648,5.3689,3.8477,0.4195,0.4063,0.7556,-8.1609,11.5419
649,4.3883,3.9011,0.5595,0.6613,0.8220000000000001,-5.3925,5.6206
650,4.1657,3.8775,0.657,0.3073,0.7566,-9.8783,13.1424
651,5.3989,4.0546,0.6934,0.6969,0.9128,-6.5128,7.8759
652,4.4949,4.1671,0.4202,0.3577,0.9347,-7.5752,8.5607
653,4.3068,4.2195,0.3488,0.5533,0.8308,-6.4208,8.4738
654,4.3272,4.0934,0.5817,0.6087,0.5363,-7.2053,13.6932
655,4.8139,4.1429,0.4624,0.488,0.6920000000000001,-9.8169,14.4501
656,5.4477,3.8778,0.3324,0.4691,0.6465,-6.3973,6.8616
657,4.2722,4.0798,0.3067,0.6487,0.6559999999999999,-6.5986,10.5604
658,5.4677,4.2603,0.5918,0.4873,0.66,-8.8802,13.9123
659,4.8998,3.8991,0.6079,0.6709999999999999,0.7685,-7.1371,11.2052
660,4.7082,3.8651,0.6412,0.4204,0.8304,-5.8957,12.4511
661,4.2079,4.2225,0.3306,0.4297,0.7179,-5.9184,12.8091
662,5.3117,4.3189,0.3512,0.4395,0.6409,-5.0769,5.8704
663,4.7789,3.8911,0.6174,0.5652,0.5381,-9.3293,9.7655
664,4.8259,4.1276,0.5503,0.5276,0.6631,-5.1448,10.3695
665,5.2495,4.2938,0.6545,0.6598,0.9725,-7.6655,14.2467
666,4.0715,3.9978,0.4593,0.4019,0.9798,-9.2195,13.3384
667,4.3167,3.9208,0.4176,0.5112,0.6755,-7.4337,9.684
668,4.2697,4.2149,0.34600000000000003,0.6159,0.7057,-9.9181,13.6306
669,4.8941,4.4886,0.4444,0.5225,0.8245,-8.5772,14.4336
670,5.2946,4.0538,0.4749,0.4736,0.7516,-5.5912,7.1451
671,4.4992,4.1663,0.3639,0.5189,0.5305,-6.0098,6.7939
672,5.1975,4.2359,0.4573,0.3678,0.7781,-9.766,11.1047
673,4.7882,4.0441,0.3007,0.5318,0.9584,-5.3084,10.492
674,4.5429,3.9475,0.5586,0.3566,0.9732,-6.1153,6.3808
675,4.1735,4.3747,0.4799,0.4218,0.9133,-8.7223,14.7078
676,4.7979,4.3689,0.5436,0.3581,0.5019,-8.8224,8.5297
677,5.2719,4.0635,0.5885,0.6682,0.754,-9.9251,10.5023
678,4.187,4.4624,0.6967,0.4058,0.773,-6.0682,12.5153
679,4.0912,3.9859,0.6603,0.6765,0.583,-8.8377,12.9777
680,5.2088,3.8401,0.3002,0.6246,0.9016,-7.3499,6.7159
681,4.7599,4.4631,0.6572,0.4412,0.5145,-7.4355,7.6935
682,4.2418,4.2239,0.5859,0.5598,0.8454,-8.0078,9.5923
683,5.4698,4.0121,0.45799999999999996,0.4705,0.9425,-5.5799,10.7685
684,4.7441,4.4253,0.6237,0.5710000000000001,0.8959999999999999,-5.4353,13.0907
685,4.5523,4.3903,0.43700000000000006,0.6467,0.9867,-6.3348,5.5703
686,5.1272,4.1328,0.4082,0.4268,0.7561,-8.9345,9.0619
687,4.8607,4.4931,0.4537,0.4535,0.5941,-9.0266,10.708
688,5.4346,4.3508,0.6992,0.3875,0.8425,-8.4213,14.0052
689,4.4598,4.3229,0.4266,0.3145,0.5674,-7.146,9.1196
690,4.656000000000001,4.4573,0.5526,0.3984,0.7807,-9.6637,12.5319
691,4.5815,4.0698,0.4795,0.3731,0.5937,-6.2812,5.7043
692,5.4973,4.3297,0.308,0.4483,0.8579,-5.627000000000001,13.7155
693,4.0423,4.2576,0.3858,0.3033,0.9043,-9.2729,13.2605
694,4.783,3.9864,0.3911,0.6554,0.7444,-9.3874,11.0801
695,4.904,4.2179,0.5119,0.6534,0.5573,-8.6267,7.2922
696,5.3177,3.8459,0.4765,0.6453,0.7447,-6.1059,8.3329
697,5.0297,4.4733,0.4277,0.6886,0.5416,-5.6748,10.0138
698,4.7946,3.8237,0.6544,0.5874,0.9339,-7.7148,12.7071
699,4.7869,4.38,0.4787,0.377,0.5579999999999999,-8.5152,10.4385
700,5.1171,4.49,0.5352,0.3154,0.7083,-8.8298,13.9821
701,5.1518,3.8003,0.3808,0.3334,0.9306,-9.6029,12.3244
702,4.7934,3.9637,0.6013,0.4843,0.5433,-5.8175,7.0831
703,4.4438,4.2294,0.4997,0.4684,0.7317,-9.597999999999999,9.8783
704,5.4665,4.3496,0.4302,0.3083,0.8684,-7.5115,11.8481
705,5.4396,4.4839,0.4453,0.3938,0.7909999999999999,-7.9345,8.1867
706,4.1845,4.128,0.4307,0.6183,0.8268,-7.6472,11.5355
707,4.125,3.9969,0.632,0.423,0.9695,-7.9841,7.5241
708,4.2953,4.4144,0.6043,0.5653,0.5523,-8.0565,10.5227
709,4.2907,4.4719,0.49700000000000005,0.5593,0.6912,-5.6693,13.36
710,4.8476,4.0272,0.6936,0.3975,0.6378,-9.7219,14.3704
711,4.8919999999999995,4.0292,0.4126,0.6409999999999999,0.5313,-9.6827,6.6214
712,4.5046,4.0345,0.5791,0.3742,0.8157,-6.5696,10.1438
713,4.3598,4.1967,0.6322,0.3247,0.7236,-6.1695,12.6059
714,4.6838,4.0464,0.4225,0.6953,0.8229,-7.2545,10.6787
715,5.3271,4.4655,0.5314,0.4042,0.7419,-5.5262,14.6731
716,4.8102,4.4984,0.4939,0.5139,0.7772,-5.5895,11.5055
717,5.2873,4.1126,0.5221,0.4905,0.5216,-5.4488,10.4259
718,4.8296,4.4753,0.3292,0.506,0.5233,-5.5183,9.9356
719,5.0989,4.474,0.5592,0.4685,0.7583,-5.3838,13.3447
720,5.3767,3.8228,0.4136,0.4517,0.7453,-8.6856,8.9182
721,4.7517,4.1081,0.3231,0.3213,0.7053,-8.0251,12.8497
722,5.4082,4.3097,0.62,0.5508,0.9598,-8.7434,11.7632
723,5.027,4.4132,0.5649,0.462,0.9551,-6.4664,5.8124
724,5.4044,3.9098,0.3631,0.3005,0.7729,-9.6991,8.2624
725,4.8773,4.1984,0.5621,0.4973,0.6949,-7.7192,7.7263
726,4.6039,4.045,0.6596,0.3405,0.5255,-7.2722,11.05
727,4.677,3.8189,0.3422,0.3072,0.8742,-6.5459,7.067
728,4.2258,4.3568,0.354,0.6714,0.6575,-7.1251,9.206
729,5.0492,4.0434,0.3265,0.4319,0.8094,-5.5374,12.995
730,4.7010000000000005,4.0655,0.6890000000000001,0.6204,0.7394,-6.2987,14.5922
731,4.8555,4.3413,0.4961,0.3159,0.5476,-8.0178,6.4048
732,5.1017,4.095,0.4718,0.6397,0.9156,-6.4936,5.4934
733,4.5504,4.4679,0.4355,0.6788,0.7738,-7.7884,7.377000000000001
734,4.7209,4.329,0.3841,0.3343,0.8685,-5.1107,13.7805
735,4.43,4.2651,0.39899999999999997,0.503,0.8061,-6.4463,14.7897
736,5.4835,4.0505,0.358,0.6837,0.7631,-5.3347,7.6244
737,4.1896,3.9103,0.684,0.6064,0.6214,-9.7702,14.62
738,4.6649,4.3966,0.5517,0.4737,0.6135,-5.3556,14.3494
739,4.3136,4.1224,0.5662,0.3003,0.8331,-7.2496,13.6747
740,4.1771,4.0262,0.4855,0.3718,0.598,-8.0458,9.7305
741,4.4872,4.119,0.3087,0.4837,0.6549,-8.0671,12.2684
742,5.1906,4.1017,0.691,0.4544,0.5193,-6.8217,10.9902
743,5.1201,4.1292,0.536,0.4936,0.648,-8.5719,9.3727
744,5.1487,4.2974,0.5478,0.3942,0.5821,-8.0015,14.7547
745,4.7162,4.1981,0.3599,0.3964,0.8738,-9.4378,13.6197
746,5.3433,4.3517,0.5396,0.4961,0.9225,-6.829,7.8534
747,4.3213,4.4016,0.6907,0.5192,0.7012,-5.0935,9.5866
748,5.489,3.8392,0.6338,0.5985,0.6198,-6.1583,10.9689
749,4.3816,4.1102,0.6655,0.6924,0.5655,-5.822,7.96
750,4.4518,4.1089,0.4532,0.5026,0.8079999999999999,-6.5551,14.14
751,4.2617,3.8592,0.3429,0.402,0.9139,-6.8748,10.6165
752,4.2466,4.2582,0.4842,0.3569,0.9359999999999999,-8.0633,8.4021
753,4.2165,3.9730000000000003,0.5931,0.5361,0.654,-5.581,5.5496
754,4.0589,4.3986,0.3401,0.5502,0.5692,-7.8392,12.5757
755,4.0401,4.4674,0.6874,0.4108,0.9606,-6.4965,11.7501
756,5.0635,4.2101,0.5632,0.6822,0.8297,-5.7457,10.5873
757,4.6382,4.0695,0.4891,0.5123,0.8006,-8.6138,9.5757
758,4.4306,3.824,0.402,0.3465,0.9118,-6.9533,5.7592
759,5.2546,4.4557,0.6809,0.3588,0.6766,-5.0808,9.8254
760,5.0568,4.4527,0.6696,0.5172,0.7548,-6.4828,13.4461
761,4.7257,4.2777,0.6325,0.6385,0.9735,-9.9936,10.8394
762,4.6395,4.455,0.6357,0.637,0.9958,-9.7604,14.8748
763,5.3611,4.077,0.5582,0.3397,0.9065,-5.638,12.0881
764,5.0359,3.9712,0.5654,0.4609,0.6585,-7.6505,14.7652
765,5.4467,4.2471,0.44299999999999995,0.5894,0.8787,-9.5427,13.4735
766,4.1080000000000005,4.4509,0.3507,0.4538,0.5202,-9.9747,13.0086
767,4.5362,4.3917,0.335,0.324,0.9403,-9.7846,12.0948
768,5.1602,4.3166,0.5574,0.3027,0.7829,-5.2082,12.1091
769,4.471,4.4830000000000005,0.6791,0.3912,0.5874,-7.5331,11.9239
770,5.2936,4.0092,0.4398,0.3992,0.5221,-7.2994,6.475
771,5.4582,3.8716,0.4192,0.6063,0.8419,-5.9474,8.2155
772,4.4638,4.1712,0.3652,0.5408,0.5637,-9.6353,10.6465
773,4.9899,4.4052,0.3477,0.4293,0.6906,-6.7993,6.4223
774,4.9727,4.0762,0.4644,0.4766,0.9587,-9.0622,12.9684
775,4.8453,4.4658,0.4866,0.3297,0.8755,-7.5888,7.7448
776,5.3307,3.8498,0.39,0.4457,0.8234,-6.5058,7.0553
777,4.3976,4.2884,0.4678,0.6863,0.9112,-8.7019,9.629
778,4.7772,4.3885,0.6752,0.5664,0.6616,-9.1642,14.9832
779,5.3234,3.9129,0.4975,0.6836,0.9773,-7.278,10.8719
780,4.5513,3.8197,0.3408,0.46,0.9627,-6.3887,8.0626
781,4.5746,4.3617,0.5727,0.6164,0.6357,-6.4252,5.5041
782,4.1151,4.3137,0.6726,0.5994,0.8815,-7.9246,13.9481
783,4.5394,4.4158,0.5245,0.4305,0.8631,-6.6109,9.6556
784,4.1885,4.1516,0.6733,0.3491,0.9816,-9.6063,9.8923
785,5.2439,4.3666,0.532,0.316,0.7156,-9.1658,7.3831
786,5.0338,4.0571,0.5017,0.3377,0.6701,-7.8783,12.3022
787,5.4867,4.3361,0.6768,0.6096,0.6927,-5.4655,10.2146
788,4.6468,4.1539,0.5976,0.6639,0.5284,-6.9077,7.1
789,4.3974,4.0476,0.5193,0.5385,0.8956,-9.727,13.9547
790,5.3493,3.8726,0.6607,0.304,0.5329,-9.5333,12.4618
791,4.2118,4.4333,0.3932,0.41600000000000004,0.861,-6.3744,8.767999999999999
792,5.186,4.4562,0.6709,0.3018,0.6226,-7.6436,10.9419
793,4.3788,4.1241,0.6232,0.655,0.5046,-5.3625,8.6614
794,4.0867,4.3948,0.6578,0.4745,0.7073,-8.5611,14.5827
795,5.0051,4.3341,0.6916,0.6826,0.8354,-7.6568,11.4477
796,5.145,4.2368,0.5672,0.604,0.63,-7.256,7.2637
797,4.2589999999999995,4.3676,0.5669,0.4375,0.6489,-7.2248,6.2004
798,4.2498,4.3442,0.4485,0.5081,0.9392,-5.8297,9.7914
799,4.1722,4.3692,0.4894,0.409,0.9171,-7.9992,12.5295
800,4.3943,3.8081,0.3635,0.3955,0.8356,-5.7941,6.928
801,5.4812,4.331,0.3983,0.5627,0.5081,-6.2275,10.8128
802,5.3563,3.8303,0.3729,0.5825,0.6114,-9.5028,8.5355
803,5.3878,3.8602,0.529,0.4555,0.9540000000000001,-7.1799,7.1716
804,4.9736,4.1697,0.568,0.3509,0.5462,-6.3913,7.1592
805,5.025,3.8267,0.4754,0.4664,0.966,-7.8947,13.594000000000001
806,4.1632,4.4998,0.447,0.3635,0.8176,-6.3462,6.9509
807,5.3296,3.9807,0.3316,0.5337,0.5207,-5.4323,11.4157
808,4.8742,3.8697,0.3193,0.6449,0.8432,-5.3253,6.8583
809,5.3039,4.2083,0.5096,0.6897,0.5025,-7.343999999999999,12.9378
810,4.622,3.8371,0.637,0.4189,0.983,-9.0488,7.9368
811,4.5283,3.9798,0.3123,0.493,0.9105,-5.0408,14.6346
812,4.3007,4.0882,0.4859,0.4848,0.9615,-8.4704,9.097999999999999
813,4.7626,4.0396,0.6126,0.5633,0.6672,-5.3165,6.8789
814,5.2885,4.275,0.3558,0.5668,0.6851,-6.7333,6.2868
815,4.6788,4.0742,0.6447,0.4999,0.6981,-8.843,13.4399
816,4.5057,4.2899,0.5978,0.4723,0.5895,-7.5713,9.985
817,4.4063,4.2765,0.4039,0.4638,0.5174,-6.2149,10.2777
818,4.8441,3.8622,0.3147,0.319,0.5117,-7.8641,13.2546
819,4.78,3.9223,0.4802,0.6334,0.8284,-7.1044,11.9584
820,5.4186,3.8155,0.5831,0.6536,0.6054,-5.8906,8.9778
821,4.9382,4.0317,0.4821,0.5737,0.6043,-7.5381,12.1576
822,4.7717,4.0858,0.4229,0.4891,0.847,-6.127000000000001,13.7578
823,4.9575,4.2632,0.5853,0.4181,0.6307,-6.0456,8.9942
824,4.2039,3.9844,0.6476,0.4006,0.9857,-6.6751,10.0331
825,4.4898,4.4467,0.3838,0.4214,0.927,-5.1495,12.9544
826,4.4686,4.4247,0.3014,0.3608,0.6827,-8.2579,8.1723
827,4.471,4.4612,0.3243,0.6733,0.5518,-6.7643,9.696
828,4.6062,3.8515,0.3048,0.6869,0.7432,-8.2602,13.4236
829,4.1097,4.3742,0.6271,0.6099,0.7397,-8.6786,7.7802
830,4.9323,4.3654,0.6065,0.4485,0.8101,-8.8314,11.8283
831,5.3724,3.8876,0.3569,0.6077,0.6598,-5.6978,7.1674
832,4.0109,4.4005,0.5915,0.6324,0.8491,-6.056,11.0324
833,4.9235,4.1416,0.3827,0.6708,0.6285,-7.1943,13.4666
834,4.0968,4.4848,0.5471,0.6124,0.9372,-8.9878,9.8038
835,4.4877,4.1146,0.4044,0.3668,0.9707,-5.6103,9.9529
836,5.0453,3.9608,0.6528,0.6939,0.6782,-5.297000000000001,5.8201
837,5.0681,4.0507,0.6005,0.6633,0.9936,-7.4982,7.6815
838,4.9343,4.1877,0.619,0.6875,0.5188,-9.5902,7.8122
839,5.2772,4.0346,0.4315,0.3515,0.9470000000000001,-7.517,14.5286
840,4.2457,3.9404,0.3699,0.3435,0.5889,-8.1321,7.9053
841,4.9782,4.1006,0.6987,0.4417,0.9778,-7.5536,8.2048
842,4.6355,4.0077,0.5322,0.4969,0.6158,-5.1094,8.8295
843,4.4025,4.2475,0.392,0.4703,0.8865,-6.3608,11.3314
844,4.7607,4.3326,0.64,0.4645,0.6657,-5.77,7.6466
845,4.7066,3.9287,0.3095,0.3351,0.9873,-5.9828,8.5717
846,4.3022,3.9253,0.4311,0.4065,0.9781,-6.9693,13.0198
847,5.1328,4.1858,0.557,0.4567,0.8275,-8.5948,9.5156
848,4.1679,4.1036,0.5,0.4035,0.8907,-8.4811,6.8467
849,4.3428,3.8799,0.5213,0.5846,0.8922,-6.8919,8.3786
850,4.461,4.4112,0.6097,0.6446,0.8691,-6.7018,12.1485
851,4.9919,4.2802,0.5768,0.5454,0.5297,-5.1237,9.9914
852,5.4065,4.1167,0.4676,0.5413,0.7814,-5.2857,12.437000000000001
853,5.3833,4.0404,0.4925,0.47600000000000003,0.5911,-6.5615,6.7318
854,4.8163,4.3574,0.4172,0.491,0.825,-8.6167,8.3474
855,5.1102,4.2953,0.5381,0.4398,0.8598,-9.8127,14.1521
856,5.0835,4.4046,0.435,0.6253,0.9095,-5.9677,11.7319
857,5.3105,4.072,0.5499,0.6267,0.5799,-8.0893,7.309
858,4.4472,3.8561,0.3251,0.5887,0.8929,-9.6102,7.4814
859,4.1168,4.2104,0.5047,0.6664,0.5683,-7.6763,11.1282
860,5.4705,4.3787,0.5329999999999999,0.5181,0.5542,-5.5222,13.2959
861,4.256,4.4085,0.4377,0.3598,0.8818,-7.2434,12.3557
862,4.7356,3.8928,0.3499,0.3283,0.7344,-5.4596,12.7867
863,4.1268,4.2934,0.3737,0.341,0.6256,-5.1323,7.2246
864,4.6339999999999995,4.2481,0.4504,0.3126,0.9327,-5.0625,14.9159
865,4.079,4.0488,0.4188,0.4885,0.6837,-7.0363,9.8136
866,5.3804,3.9293,0.5202,0.5856,0.61,-5.6225,5.0306
867,5.0797,3.889,0.3476,0.6142,0.6679999999999999,-8.1234,6.55
868,5.1528,4.0144,0.504,0.5978,0.5760000000000001,-6.2413,11.7272
869,4.223,4.0006,0.5421,0.3361,0.7823,-6.3265,13.3897
870,5.1035,4.3866,0.4108,0.3933,0.5498,-7.6645,5.2175
871,4.5442,4.1388,0.6736,0.3747,0.804,-6.1122,7.0761
872,4.632,4.1216,0.6886,0.48100000000000004,0.6183,-9.5854,12.254000000000001
873,4.2115,3.8205,0.3806,0.3649,0.9854,-9.341000000000001,11.4235
874,5.1789,4.0513,0.5447,0.499,0.6423,-7.8896,13.6847
875,4.8051,4.1602,0.4395,0.5799,0.5502,-6.6428,13.4006
876,4.5173,4.3023,0.3646,0.5485,0.9004,-8.568999999999999,8.014
877,5.0107,4.1893,0.5404,0.3368,0.579,-5.989,6.2589999999999995
878,4.5468,3.9545,0.6618,0.5207,0.6885,-9.0857,11.9888
879,5.3533,4.2546,0.3394,0.6214,0.612,-6.9861,5.5969
880,5.1745,4.2858,0.4818,0.43700000000000006,0.8127,-7.849,14.6988
881,4.936,4.1053,0.5551,0.3049,0.6518,-7.2822,13.1346
882,5.0912,3.8348,0.6798,0.6221,0.8979,-5.0252,10.6274
883,4.7218,3.9442,0.3493,0.3422,0.6788,-5.6924,6.0075
884,4.8068,4.1197,0.4567,0.4532,0.8995,-6.3099,9.0421
