6.047671
6.079885
6.155771
6.2296185
6.4537153
6.6416345
6.819959
6.8843255
6.8958087
7.014326
6.970943
6.9571924
6.718834
6.7522006
6.67462

6.231213
6.404114
6.3456497
6.4153643
6.5379643
6.586139
6.649541
6.722159
6.724584
6.705319

6.918215
6.8370657
6.9262176
7.1838145

6.725327

6.4468994
6.559729
6.5836816
6.899302
7.3520303
7.435745

6.257877
6.3415513
6.3065305
6.4694514
6.405297
6.3272176
6.349284
6.3572803
6.333154
6.370623
6.3608327
6.4704337
6.5636897
6.439197
6.5511556
6.562548
6.676273
6.6418495
6.7428384
6.9061713
6.781119
6.8633037
6.884124
7.0144196
6.965765

7.233749
7.309541

7.994356

7.537786

6.380362
6.4347234
6.865292
6.8916516
7.1581063
7.1982656
7.2128377
7.3792176
7.4092736
7.310497
7.3538504
7.4244294
7.311572
7.5250115
7.528949
7.596375
7.7285566
7.7832065
7.864623
7.849833
7.963404
8.011474
8.130447
8.169776
8.199126
8.2189665

6.584794
6.521744
6.4440618
6.5320196

6.1573706
6.2085185
6.417003
6.4676585
6.411815
6.4746737
6.863176
6.9012303
6.7728257
6.8851705
6.8360705
6.865692
6.892326
7.0107584
7.1714835
7.257936

5.833487
6.0278068
6.067558
6.2340636
6.3620315
6.4596534
6.3175464
6.3603425
6.283315
6.3516226
6.431638
6.638025
6.639643
6.784017

5.8694673
5.8751955
5.8850827
5.9191055
5.969934
6.07898

5.8826346

6.280658
6.243364
6.3379035
6.3000035
6.369943
6.398764
6.4748216
6.4504857
6.381705
6.4707704

6.6571527
6.7660375
6.4925294
6.6076736
6.630694
6.7534194
6.7752748
6.835085
6.928923
6.8550534
6.8711677
6.8440843
6.9164786
6.8290324
6.9915257

6.2388525
6.423983
6.8600984
7.3636117

6.202561
6.1241403
6.185383

6.9539056
6.848541
7.0978894
7.086024
6.941233
6.8463297
6.829902
6.9796953
6.9078965
6.986434
6.985274
6.9556303
6.866827
6.8656216
6.81174
6.842485
6.8768783
6.8051047
6.885737
6.9800506
6.825014
7.068693
6.964555
7.1996207
7.3071933
7.767784
7.815697
7.7115855
7.7259665
7.660662
7.4481063
7.53954
7.7073803
7.6766086
7.6224675
7.710131
7.757698
7.7125354
7.7898183
7.9948893
8.040353
8.039658
8.05487

6.5752034
6.7057624

6.9620423
7.131656
7.2356954
7.2054396
7.045426
7.221256
7.1975565

7.0322223
7.038929
7.15334
7.3307414
7.5073676
7.5040603
7.555571
7.7810874

6.526432
6.5921054
6.58636
6.5261416
6.563026
6.747042
6.8873906
6.8193283
7.003424
7.0338345
7.0838437
7.113233
7.1381516
7.125166
7.308745
7.1726832
7.2859154
7.341043

6.9383082

6.2218966
6.1878037
6.507052
6.3470716
6.3560123
6.257111
6.4085455
6.5193963
6.631097
6.5823555

5.879011
6.176645
6.1138206
6.23037
6.29536
6.2675557
6.246856
6.3138742
6.4935136
6.6111655
6.6222963
6.653632
6.706943
6.7321076
6.6720986
6.7727346

6.656118
6.7399054
6.568481

5.8358917
5.931233

6.6163654
6.766463
7.0875525
7.1460977
6.740345

7.551392
7.4416704
7.4786105
7.5644083
7.6408
7.7901735
7.712514
7.9848685
8.131077

6.7051663
6.784895
7.1274767
7.2272873
7.3646703
7.3426995
7.3867083
7.502981
7.4994025
7.6244817
7.8256307
7.623661

6.158456
6.0528803
6.0989137
6.1955953
6.213152
6.292404
6.2757106
6.396976
6.373664
6.3160224
6.2982974
6.286419
6.3553143
6.354512
6.3089767
6.243507
6.2995944
6.21172
6.1998286
6.1646876

6.2253804
6.248696
6.228227
6.1962705
6.2261634

6.9073853

5.880812

7.368611
7.0896215
6.929233
6.990187
7.0021186
7.084248
7.1740623
7.153442
7.214622
7.4418473
7.6624913
7.766003
7.7536573
7.77371
7.593759
7.6007066
7.8208833
7.7614713
7.955589
7.9531856

5.729407
5.694634
5.760624
5.8669305
5.911512
6.069348
5.9501576
6.0886564
6.0931544
6.134662
6.1832995
6.20742

6.2951045
6.393884
6.3662148
6.494497
6.7500367
6.8281827
7.015377

6.267939
6.344176
6.6058135
6.6701317
6.606025
6.585753
6.635242
6.9513774
7.0132766
6.992979
6.9398894
6.96775
6.919868
7.0546937
7.074184
7.138946
7.224396
7.237704
7.3449187

6.857922
7.0170703
7.0263944
7.101128
7.0270686
7.0295925
6.904099
7.1336145
7.2455072
7.267711

6.3517265
6.5569406
6.5754237

6.6865788

6.1578345
6.2155104
6.275182
6.305261
6.330917
6.448561

6.542338
6.5741696
6.899904
6.671745
6.678909
6.6166625
6.7769957

6.6208625
6.686211
6.815866
6.8141274
6.9112525

6.981582
7.2278543
7.241383
7.3958163
7.570266
7.580852
7.703542
7.6703134
7.7878733
7.82783
7.9228277
7.825685
7.836963
7.971047
7.9818096
7.7856326
7.773444
7.6965733
7.6875873
7.630938
7.6448994
7.635812
7.9075255
7.977324
8.251858
8.180992
8.254954
8.225304

6.724611
7.084181
7.082379
7.215876
7.4446673
7.4732556
7.5668683
7.595361
7.5351562
7.499664
7.6119733

6.9203467
6.9770036
7.0340896
7.1462827
7.080916
7.3133783
7.4886174

5.9436026
5.830251

